
Loaded model id_ud-tag-dep-ner-1.0.0/
Using 20% of accept/reject examples (511) for evaluation
Using 100% of remaining examples (2230) for training
Dropout: 0.4  Batch size: 106  Iterations: 1000  


BEFORE     0.013     
Correct    17
Incorrect  1327
Entities   4773      
Unknown    4756      

         
#          LOSS       RIGHT      WRONG      ENTS       SKIP       ACCURACY  
01         3.535      161        1183       513        0          0.120     
02         3.380      370        974        1016       0          0.275     
03         3.302      469        875        1304       0          0.349     
04         2.690      523        821        1527       0          0.389     
05         3.443      554        790        1296       0          0.412     
06         2.226      588        756        1501       0          0.437     
07         2.227      615        729        1372       0          0.458     
08         3.685      629        715        1401       0          0.468     
09         3.022      645        699        1397       0          0.480     
10         2.645      668        676        2043       0          0.497     
11         3.000      700        644        1811       0          0.521     
12         4.233      707        637        2213       0          0.526     
13         1.868      714        630        2469       0          0.531     
14         2.247      727        617        2356       0          0.541     
15         2.623      732        612        2601       0          0.545     
16         2.436      756        588        2623       0          0.562     
17         1.838      763        581        2741       0          0.568     
18         3.128      767        577        2546       0          0.571     
19         2.629      766        578        2420       0          0.570     
20         1.460      775        569        2477       0          0.577     
21         1.835      773        571        2473       0          0.575     
22         1.329      777        567        2538       0          0.578     
23         2.707      781        563        2632       0          0.581     
24         1.418      790        554        2721       0          0.588     
25         1.744      783        561        2745       0          0.583     
26         1.050      783        561        2860       0          0.583     
27         2.504      791        553        2813       0          0.589     
28         0.882      802        542        2795       0          0.597     
29         0.701      790        554        2595       0          0.588     
30         1.747      795        549        2546       0          0.592     
31         0.911      798        546        2758       0          0.594     
32         1.131      793        551        2688       0          0.590     
33         0.975      789        555        2547       0          0.587     
34         1.007      794        550        2632       0          0.591     
35         2.426      781        563        2554       0          0.581     
36         0.802      786        558        2626       0          0.585     
37         0.822      786        558        2576       0          0.585     
38         0.961      791        553        2552       0          0.589     
39         0.673      786        558        2582       0          0.585     
40         0.749      788        556        2458       0          0.586     
41         1.655      790        554        2647       0          0.588     
42         0.978      785        559        2572       0          0.584     
43         1.410      787        557        2539       0          0.586     
44         0.774      789        555        2637       0          0.587     
45         1.393      791        553        2649       0          0.589     
46         0.443      787        557        2654       0          0.586     
47         1.218      802        542        2835       0          0.597     
48         0.493      788        556        2693       0          0.586     
49         1.081      794        550        2730       0          0.591     
50         0.636      791        553        2584       0          0.589     
51         1.248      785        559        2762       0          0.584     
52         0.580      786        558        2555       0          0.585     
53         0.432      785        559        2671       0          0.584     
54         1.086      791        553        2730       0          0.589     
55         0.846      786        558        2656       0          0.585     
56         0.523      784        560        2800       0          0.583     
57         0.658      775        569        2685       0          0.577     
58         1.024      779        565        2694       0          0.580     
59         0.514      782        562        2804       0          0.582     
60         1.098      780        564        2629       0          0.580     
61         0.731      782        562        2675       0          0.582     
62         1.328      777        567        2595       0          0.578     
63         0.466      788        556        2751       0          0.586     
64         0.708      792        552        2867       0          0.589     
65         0.769      788        556        2749       0          0.586     
66         0.364      789        555        2828       0          0.587     
67         0.316      794        550        2942       0          0.591     
68         0.749      788        556        2914       0          0.586     
69         0.655      782        562        2780       0          0.582     
70         2.207      785        559        2863       0          0.584     
71         0.309      781        563        2796       0          0.581     
72         1.404      785        559        2826       0          0.584     
73         0.485      782        562        2827       0          0.582     
74         0.529      776        568        2835       0          0.577     
75         0.592      776        568        2782       0          0.577     
76         1.740      780        564        2878       0          0.580     
77         0.449      779        565        2754       0          0.580     
78         1.165      777        567        2781       0          0.578     
79         0.434      769        575        2740       0          0.572     
80         1.185      780        564        2708       0          0.580     
81         0.287      770        574        2576       0          0.573     
82         0.310      767        577        2589       0          0.571     
83         0.367      771        573        2667       0          0.574     
84         0.431      774        570        2680       0          0.576     
85         1.948      770        574        2661       0          0.573     
86         0.306      766        578        2703       0          0.570     
87         0.452      767        577        2693       0          0.571     
88         1.029      769        575        2684       0          0.572     
89         1.478      751        593        2620       0          0.559     
90         1.525      763        581        2764       0          0.568     
91         0.403      769        575        2751       0          0.572     
92         0.425      774        570        2723       0          0.576     
93         0.331      763        581        2661       0          0.568     
94         1.013      765        579        2677       0          0.569     
95         0.683      761        583        2626       0          0.566     
96         0.227      765        579        2657       0          0.569     
97         0.421      766        578        2629       0          0.570     
98         0.282      765        579        2645       0          0.569     
99         0.432      771        573        2633       0          0.574     
100        0.878      769        575        2674       0          0.572     
101        0.421      769        575        2582       0          0.572     
102        0.589      774        570        2644       0          0.576     
103        0.235      772        572        2569       0          0.574     
104        0.232      758        586        2535       0          0.564     
105        0.414      762        582        2490       0          0.567     
106        0.281      773        571        2628       0          0.575     
107        0.214      760        584        2549       0          0.565     
108        0.711      769        575        2708       0          0.572     
109        0.502      766        578        2491       0          0.570     
110        0.300      770        574        2546       0          0.573     
111        0.218      781        563        2699       0          0.581     
112        0.724      777        567        2818       0          0.578     
113        0.263      774        570        2772       0          0.576     
114        0.224      774        570        2679       0          0.576     
115        0.397      773        571        2712       0          0.575     
116        0.427      771        573        2650       0          0.574     
117        0.676      779        565        2619       0          0.580     
118        0.188      781        563        2662       0          0.581     
119        0.444      781        563        2635       0          0.581     
120        0.330      785        559        2779       0          0.584     
121        0.199      776        568        2742       0          0.577     
122        0.382      773        571        2581       0          0.575     
123        0.193      769        575        2526       0          0.572     
124        0.436      765        579        2667       0          0.569     
125        0.218      769        575        2703       0          0.572     
126        0.314      762        582        2687       0          0.567     
127        0.531      775        569        2696       0          0.577     
128        0.199      773        571        2796       0          0.575     
129        0.276      764        580        2624       0          0.568     
130        0.445      773        571        2674       0          0.575     
131        0.571      769        575        2742       0          0.572     
132        1.063      765        579        2697       0          0.569     
133        0.338      770        574        2747       0          0.573     
134        1.267      770        574        2875       0          0.573     
135        0.448      769        575        2819       0          0.572     
136        0.215      761        583        2613       0          0.566     
137        0.256      759        585        2628       0          0.565     
138        0.324      760        584        2693       0          0.565     
139        2.646      765        579        2754       0          0.569     
140        0.229      760        584        2673       0          0.565     
141        0.482      761        583        2638       0          0.566     
142        0.517      766        578        2656       0          0.570     
143        0.444      759        585        2645       0          0.565     
144        0.260      758        586        2711       0          0.564     
145        0.432      769        575        2749       0          0.572     
146        0.337      768        576        2671       0          0.571     
147        0.706      767        577        2649       0          0.571     
148        0.197      767        577        2837       0          0.571     
149        0.256      764        580        2755       0          0.568     
150        0.303      764        580        2744       0          0.568     
151        0.180      766        578        2662       0          0.570     
152        0.724      765        579        2695       0          0.569     
153        0.209      766        578        2667       0          0.570     
154        0.758      764        580        2696       0          0.568     
155        0.181      764        580        2697       0          0.568     
156        0.210      766        578        2710       0          0.570     
157        0.402      758        586        2529       0          0.564     
158        0.475      770        574        2579       0          0.573     
159        0.464      759        585        2627       0          0.565     
160        0.318      767        577        2574       0          0.571     
161        0.874      769        575        2621       0          0.572     
162        0.409      768        576        2691       0          0.571     
163        0.226      768        576        2742       0          0.571     
164        0.263      767        577        2673       0          0.571     
165        0.446      772        572        2661       0          0.574     
166        0.202      764        580        2655       0          0.568     
167        1.215      780        564        2776       0          0.580     
168        0.233      762        582        2626       0          0.567     
169        0.475      763        581        2545       0          0.568     
170        0.278      761        583        2555       0          0.566     
171        0.199      763        581        2587       0          0.568     
172        0.171      762        582        2649       0          0.567     
173        0.963      764        580        2520       0          0.568     
174        0.225      770        574        2612       0          0.573     
175        0.270      766        578        2512       0          0.570     
176        0.232      768        576        2570       0          0.571     
177        0.419      760        584        2534       0          0.565     
178        0.164      766        578        2567       0          0.570     
179        0.466      772        572        2631       0          0.574     
180        0.295      763        581        2537       0          0.568     
181        0.271      769        575        2641       0          0.572     
182        0.323      771        573        2548       0          0.574     
183        0.608      770        574        2591       0          0.573     
184        0.146      771        573        2596       0          0.574     
185        0.147      768        576        2571       0          0.571     
186        0.147      769        575        2537       0          0.572     
187        0.230      765        579        2534       0          0.569     
188        0.156      773        571        2610       0          0.575     
189        0.308      768        576        2592       0          0.571     
190        0.256      769        575        2673       0          0.572     
191        2.561      776        568        2592       0          0.577     
192        0.308      766        578        2555       0          0.570     
193        0.259      769        575        2730       0          0.572     
194        0.440      770        574        2634       0          0.573     
195        0.396      772        572        2685       0          0.574     
196        0.568      767        577        2639       0          0.571     
197        0.286      768        576        2641       0          0.571     
198        0.373      766        578        2618       0          0.570     
199        0.434      772        572        2685       0          0.574     
200        0.155      773        571        2766       0          0.575     
201        0.146      764        580        2609       0          0.568     
202        0.743      768        576        2574       0          0.571     
203        0.132      768        576        2586       0          0.571     
204        0.223      765        579        2538       0          0.569     
205        0.317      769        575        2667       0          0.572     
206        0.361      770        574        2754       0          0.573     
207        0.422      769        575        2681       0          0.572     
208        0.305      775        569        2651       0          0.577     
209        0.269      769        575        2623       0          0.572     
210        0.594      769        575        2605       0          0.572     
211        0.296      774        570        2621       0          0.576     
212        0.386      767        577        2627       0          0.571     
213        0.129      775        569        2683       0          0.577     
214        0.137      763        581        2569       0          0.568     
215        0.354      768        576        2626       0          0.571     
216        0.121      771        573        2633       0          0.574     
217        0.494      762        582        2616       0          0.567     
218        0.225      766        578        2683       0          0.570     
219        0.229      771        573        2691       0          0.574     
220        0.125      765        579        2666       0          0.569     
221        0.530      758        586        2539       0          0.564     
222        0.138      765        579        2629       0          0.569     
223        0.214      773        571        2702       0          0.575     
224        0.138      760        584        2648       0          0.565     
225        0.165      752        592        2513       0          0.560     
226        0.217      760        584        2566       0          0.565     
227        0.138      766        578        2654       0          0.570     
228        0.144      763        581        2606       0          0.568     
229        0.287      762        582        2620       0          0.567     
230        0.229      762        582        2571       0          0.567     
231        0.688      770        574        2611       0          0.573     
232        0.332      767        577        2603       0          0.571     
233        0.318      773        571        2553       0          0.575     
234        0.297      772        572        2582       0          0.574     
235        0.261      776        568        2655       0          0.577     
236        0.115      768        576        2604       0          0.571     
237        0.208      762        582        2509       0          0.567     
238        0.259      771        573        2576       0          0.574     
239        0.362      766        578        2504       0          0.570     
240        0.359      765        579        2470       0          0.569     
241        0.114      771        573        2491       0          0.574     
242        0.349      771        573        2482       0          0.574     
243        0.387      768        576        2591       0          0.571     
244        1.132      764        580        2531       0          0.568     
245        0.126      766        578        2565       0          0.570     
246        0.233      763        581        2484       0          0.568     
247        0.117      765        579        2485       0          0.569     
248        0.230      764        580        2549       0          0.568     
249        0.350      764        580        2587       0          0.568     
250        0.164      763        581        2574       0          0.568     
251        0.372      763        581        2491       0          0.568     
252        0.115      759        585        2448       0          0.565     
253        0.468      758        586        2446       0          0.564     
254        0.165      765        579        2391       0          0.569     
255        0.137      765        579        2485       0          0.569     
256        0.293      762        582        2481       0          0.567     
257        0.237      758        586        2446       0          0.564     
258        0.163      760        584        2455       0          0.565     
259        0.377      758        586        2416       0          0.564     
260        0.425      760        584        2482       0          0.565     
261        0.135      762        582        2480       0          0.567     
262        0.113      768        576        2540       0          0.571     
263        0.192      758        586        2661       0          0.564     
264        0.323      760        584        2557       0          0.565     
265        0.123      762        582        2597       0          0.567     
266        1.454      766        578        2648       0          0.570     
267        0.137      769        575        2613       0          0.572     
268        0.276      763        581        2640       0          0.568     
269        0.148      770        574        2717       0          0.573     
270        0.411      759        585        2617       0          0.565     
271        0.601      764        580        2614       0          0.568     
272        0.113      756        588        2561       0          0.562     
273        0.490      761        583        2623       0          0.566     
274        0.294      756        588        2588       0          0.562     
275        0.266      759        585        2659       0          0.565     
276        0.139      760        584        2547       0          0.565     
277        0.153      761        583        2722       0          0.566     
278        0.230      760        584        2682       0          0.565     
279        0.491      756        588        2647       0          0.562     
280        0.162      760        584        2605       0          0.565     
281        0.240      768        576        2738       0          0.571     
282        0.419      758        586        2702       0          0.564     
283        0.218      752        592        2677       0          0.560     
284        0.313      750        594        2591       0          0.558     
285        0.513      755        589        2654       0          0.562     
286        0.116      765        579        2752       0          0.569     
287        0.237      757        587        2730       0          0.563     
288        0.278      759        585        2682       0          0.565     
289        0.207      761        583        2710       0          0.566     
290        0.158      756        588        2724       0          0.562     
291        0.205      750        594        2680       0          0.558     
292        0.236      758        586        2695       0          0.564     
293        0.111      758        586        2646       0          0.564     
294        0.561      759        585        2665       0          0.565     
295        0.377      753        591        2548       0          0.560     
296        0.104      760        584        2495       0          0.565     
297        0.169      755        589        2552       0          0.562     
298        0.322      759        585        2569       0          0.565     
299        0.119      756        588        2548       0          0.562     
300        0.142      752        592        2526       0          0.560     
301        0.298      751        593        2526       0          0.559     
302        0.128      759        585        2544       0          0.565     
303        0.112      753        591        2551       0          0.560     
304        0.118      758        586        2469       0          0.564     
305        0.293      761        583        2479       0          0.566     
306        0.108      762        582        2497       0          0.567     
307        0.136      759        585        2611       0          0.565     
308        0.104      765        579        2587       0          0.569     
309        1.026      762        582        2607       0          0.567     
310        0.287      764        580        2617       0          0.568     
311        0.119      766        578        2610       0          0.570     
312        0.111      762        582        2559       0          0.567     
313        0.225      759        585        2540       0          0.565     
314        0.115      766        578        2581       0          0.570     
315        0.211      764        580        2451       0          0.568     
316        0.111      763        581        2447       0          0.568     
317        0.153      765        579        2578       0          0.569     
318        0.408      768        576        2614       0          0.571     
319        0.131      770        574        2679       0          0.573     
320        0.322      759        585        2508       0          0.565     
321        0.318      764        580        2634       0          0.568     
322        0.159      768        576        2568       0          0.571     
323        0.104      763        581        2632       0          0.568     
324        0.107      766        578        2576       0          0.570     
325        0.266      766        578        2511       0          0.570     
326        0.397      762        582        2524       0          0.567     
327        0.100      763        581        2555       0          0.568     
328        0.249      762        582        2476       0          0.567     
329        0.468      765        579        2515       0          0.569     
330        0.167      760        584        2523       0          0.565     
331        0.202      763        581        2520       0          0.568     
332        0.097      765        579        2560       0          0.569     
333        1.137      768        576        2574       0          0.571     
334        0.338      765        579        2558       0          0.569     
335        0.167      761        583        2455       0          0.566     
336        0.261      762        582        2528       0          0.567     
337        0.186      766        578        2584       0          0.570     
338        0.108      762        582        2538       0          0.567     
339        0.132      760        584        2486       0          0.565     
340        0.120      762        582        2534       0          0.567     
341        0.173      767        577        2580       0          0.571     
342        0.211      763        581        2439       0          0.568     
343        0.683      759        585        2390       0          0.565     
344        0.089      761        583        2434       0          0.566     
345        0.088      772        572        2450       0          0.574     
346        0.331      767        577        2494       0          0.571     
347        0.157      772        572        2581       0          0.574     
348        0.388      761        583        2549       0          0.566     
349        0.124      759        585        2570       0          0.565     
350        0.521      771        573        2496       0          0.574     
351        0.280      770        574        2573       0          0.573     
352        0.245      769        575        2548       0          0.572     
353        0.091      761        583        2442       0          0.566     
354        0.103      752        592        2492       0          0.560     
355        0.232      756        588        2540       0          0.562     
356        0.293      758        586        2522       0          0.564     
357        0.111      758        586        2644       0          0.564     
358        0.104      763        581        2615       0          0.568     
359        0.136      765        579        2614       0          0.569     
360        0.322      759        585        2533       0          0.565     
361        0.094      763        581        2582       0          0.568     
362        0.095      761        583        2542       0          0.566     
363        0.147      766        578        2623       0          0.570     
364        0.117      764        580        2556       0          0.568     
365        0.103      766        578        2700       0          0.570     
366        0.307      763        581        2720       0          0.568     
367        0.138      758        586        2599       0          0.564     
368        0.321      764        580        2577       0          0.568     
369        0.093      760        584        2585       0          0.565     
370        0.239      769        575        2538       0          0.572     
371        0.255      763        581        2586       0          0.568     
372        0.569      770        574        2663       0          0.573     
373        0.086      764        580        2672       0          0.568     
374        0.166      766        578        2592       0          0.570     
375        0.269      766        578        2635       0          0.570     
376        0.093      763        581        2637       0          0.568     
377        0.097      768        576        2625       0          0.571     
378        0.090      767        577        2645       0          0.571     
379        0.098      772        572        2637       0          0.574     
380        0.094      771        573        2611       0          0.574     
381        0.331      771        573        2493       0          0.574     
382        0.240      768        576        2567       0          0.571     
383        0.184      767        577        2602       0          0.571     
384        0.092      770        574        2536       0          0.573     
385        0.346      761        583        2427       0          0.566     
386        0.692      776        568        2617       0          0.577     
387        0.150      775        569        2548       0          0.577     
388        0.186      771        573        2649       0          0.574     
389        0.256      764        580        2450       0          0.568     
390        0.510      770        574        2622       0          0.573     
391        0.264      772        572        2637       0          0.574     
392        0.108      769        575        2745       0          0.572     
393        0.288      774        570        2703       0          0.576     
394        0.327      768        576        2564       0          0.571     
395        0.310      775        569        2682       0          0.577     
396        0.097      770        574        2559       0          0.573     
397        0.210      771        573        2542       0          0.574     
398        0.391      769        575        2587       0          0.572     
399        0.744      772        572        2627       0          0.574     
400        0.268      767        577        2610       0          0.571     
401        0.142      765        579        2434       0          0.569     
402        0.243      771        573        2577       0          0.574     
403        0.095      766        578        2580       0          0.570     
404        0.130      769        575        2563       0          0.572     
405        0.238      771        573        2472       0          0.574     
406        0.087      769        575        2470       0          0.572     
407        0.130      775        569        2469       0          0.577     
408        0.322      773        571        2558       0          0.575     
409        0.116      777        567        2597       0          0.578     
410        0.094      778        566        2595       0          0.579     
411        0.099      777        567        2633       0          0.578     
412        0.172      762        582        2449       0          0.567     
413        0.081      773        571        2643       0          0.575     
414        0.111      774        570        2568       0          0.576     
415        0.159      770        574        2567       0          0.573     
416        0.270      766        578        2602       0          0.570     
417        0.088      771        573        2555       0          0.574     
418        0.166      774        570        2571       0          0.576     
419        0.073      779        565        2545       0          0.580     
420        0.190      772        572        2534       0          0.574     
421        0.129      779        565        2597       0          0.580     
422        0.272      772        572        2547       0          0.574     
423        0.098      773        571        2586       0          0.575     
424        0.164      769        575        2590       0          0.572     
425        0.084      773        571        2636       0          0.575     
426        0.192      777        567        2697       0          0.578     
427        0.114      768        576        2574       0          0.571     
428        0.205      772        572        2614       0          0.574     
429        0.216      776        568        2696       0          0.577     
430        0.178      774        570        2739       0          0.576     
431        0.145      776        568        2765       0          0.577     
432        0.104      781        563        2743       0          0.581     
433        0.281      772        572        2608       0          0.574     
434        0.091      775        569        2653       0          0.577     
435        0.079      774        570        2711       0          0.576     
436        0.096      773        571        2623       0          0.575     
437        1.070      776        568        2689       0          0.577     
438        0.132      771        573        2599       0          0.574     
439        0.081      770        574        2650       0          0.573     
440        0.186      766        578        2456       0          0.570     
441        0.291      772        572        2605       0          0.574     
442        0.375      771        573        2644       0          0.574     
443        0.126      773        571        2645       0          0.575     
444        0.299      769        575        2622       0          0.572     
445        0.084      766        578        2568       0          0.570     
446        0.299      778        566        2637       0          0.579     
447        0.238      775        569        2676       0          0.577     
448        0.151      769        575        2641       0          0.572     
449        0.083      767        577        2634       0          0.571     
450        0.195      769        575        2656       0          0.572     
451        0.288      771        573        2614       0          0.574     
452        0.087      771        573        2599       0          0.574     
453        0.345      778        566        2672       0          0.579     
454        0.257      777        567        2651       0          0.578     
455        0.087      772        572        2544       0          0.574     
456        0.131      776        568        2661       0          0.577     
457        0.197      779        565        2657       0          0.580     
458        0.152      781        563        2738       0          0.581     
459        0.178      781        563        2784       0          0.581     
460        0.123      780        564        2684       0          0.580     
461        0.112      775        569        2623       0          0.577     
462        0.217      775        569        2612       0          0.577     
463        0.080      779        565        2609       0          0.580     
464        0.320      777        567        2611       0          0.578     
465        0.083      775        569        2658       0          0.577     
466        0.142      783        561        2708       0          0.583     
467        0.091      781        563        2690       0          0.581     
468        0.095      780        564        2752       0          0.580     
469        0.286      779        565        2622       0          0.580     
470        0.278      781        563        2718       0          0.581     
471        0.198      779        565        2667       0          0.580     
472        0.166      777        567        2681       0          0.578     
473        0.279      778        566        2634       0          0.579     
474        0.090      778        566        2605       0          0.579     
475        0.241      779        565        2615       0          0.580     
476        0.081      781        563        2665       0          0.581     
477        0.245      782        562        2623       0          0.582     
478        0.260      778        566        2473       0          0.579     
479        0.282      783        561        2577       0          0.583     
480        0.089      789        555        2647       0          0.587     
481        0.338      785        559        2632       0          0.584     
482        0.412      785        559        2619       0          0.584     
483        0.124      776        568        2621       0          0.577     
484        0.091      775        569        2616       0          0.577     
485        0.261      782        562        2595       0          0.582     
486        0.120      781        563        2662       0          0.581     
487        0.286      776        568        2620       0          0.577     
488        0.084      779        565        2632       0          0.580     
489        0.087      773        571        2539       0          0.575     
490        0.115      768        576        2542       0          0.571     
491        0.086      782        562        2641       0          0.582     
492        0.102      776        568        2603       0          0.577     
493        0.067      777        567        2519       0          0.578     
494        0.181      777        567        2601       0          0.578     
495        0.264      773        571        2588       0          0.575     
496        0.287      785        559        2665       0          0.584     
497        0.200      785        559        2652       0          0.584     
498        0.174      783        561        2496       0          0.583     
499        2.141      779        565        2628       0          0.580     
500        0.076      777        567        2570       0          0.578     
501        0.081      781        563        2572       0          0.581     
502        0.079      779        565        2559       0          0.580     
503        0.099      776        568        2479       0          0.577     
504        0.101      783        561        2614       0          0.583     
505        0.198      785        559        2637       0          0.584     
506        0.182      772        572        2484       0          0.574     
507        0.076      771        573        2570       0          0.574     
508        0.076      778        566        2586       0          0.579     
509        0.093      779        565        2541       0          0.580     
510        0.076      774        570        2535       0          0.576     
511        0.105      780        564        2638       0          0.580     
512        0.324      780        564        2552       0          0.580     
513        0.225      768        576        2451       0          0.571     
514        0.207      784        560        2630       0          0.583     
515        0.216      776        568        2658       0          0.577     
516        0.109      779        565        2643       0          0.580     
517        0.308      770        574        2490       0          0.573     
518        0.088      777        567        2557       0          0.578     
519        0.274      775        569        2577       0          0.577     
520        0.153      776        568        2518       0          0.577     
521        0.378      778        566        2520       0          0.579     
522        1.193      780        564        2497       0          0.580     
523        0.078      779        565        2540       0          0.580     
524        0.072      778        566        2544       0          0.579     
525        0.102      784        560        2567       0          0.583     
526        0.201      779        565        2533       0          0.580     
527        0.078      771        573        2560       0          0.574     
528        0.454      773        571        2500       0          0.575     
529        0.124      770        574        2469       0          0.573     
530        0.187      771        573        2531       0          0.574     
531        0.079      774        570        2597       0          0.576     
532        0.073      776        568        2575       0          0.577     
533        0.085      772        572        2526       0          0.574     
534        0.141      773        571        2614       0          0.575     
535        0.076      777        567        2555       0          0.578     
536        0.074      773        571        2557       0          0.575     
537        0.117      773        571        2487       0          0.575     
538        0.071      770        574        2516       0          0.573     
539        0.170      777        567        2622       0          0.578     
540        0.076      778        566        2524       0          0.579     
541        0.382      785        559        2569       0          0.584     
542        0.083      776        568        2453       0          0.577     
543        0.203      785        559        2608       0          0.584     
544        0.187      783        561        2613       0          0.583     
545        0.159      786        558        2645       0          0.585     
546        0.073      782        562        2487       0          0.582     
547        0.182      775        569        2444       0          0.577     
548        0.079      777        567        2478       0          0.578     
549        0.086      774        570        2415       0          0.576     
550        0.130      782        562        2513       0          0.582     
551        0.196      780        564        2538       0          0.580     
552        0.230      787        557        2580       0          0.586     
553        0.075      786        558        2559       0          0.585     
554        0.082      774        570        2531       0          0.576     
555        0.278      772        572        2467       0          0.574     
556        0.526      770        574        2411       0          0.573     
557        0.158      770        574        2491       0          0.573     
558        0.228      771        573        2497       0          0.574     
559        0.154      768        576        2478       0          0.571     
560        0.074      775        569        2463       0          0.577     
561        0.105      764        580        2433       0          0.568     
562        0.081      770        574        2486       0          0.573     
563        0.077      768        576        2527       0          0.571     
564        0.083      779        565        2517       0          0.580     
565        0.086      769        575        2441       0          0.572     
566        0.109      774        570        2487       0          0.576     
567        0.085      772        572        2460       0          0.574     
568        0.069      773        571        2475       0          0.575     
569        0.099      778        566        2537       0          0.579     
570        0.095      779        565        2601       0          0.580     
571        0.145      775        569        2498       0          0.577     
572        0.074      773        571        2416       0          0.575     
573        0.075      773        571        2470       0          0.575     
574        0.076      774        570        2478       0          0.576     
575        0.147      780        564        2622       0          0.580     
576        0.245      779        565        2545       0          0.580     
577        0.110      778        566        2539       0          0.579     
578        0.069      776        568        2653       0          0.577     
579        0.069      764        580        2420       0          0.568     
580        0.137      776        568        2456       0          0.577     
581        0.120      775        569        2491       0          0.577     
582        0.567      768        576        2505       0          0.571     
583        0.074      771        573        2525       0          0.574     
584        0.302      772        572        2534       0          0.574     
585        0.377      768        576        2548       0          0.571     
586        0.070      765        579        2478       0          0.569     
587        0.129      768        576        2475       0          0.571     
588        0.230      771        573        2489       0          0.574     
589        0.212      776        568        2450       0          0.577     
590        0.071      782        562        2565       0          0.582     
591        0.110      777        567        2553       0          0.578     
592        0.076      771        573        2485       0          0.574     
593        0.090      775        569        2586       0          0.577     
594        0.130      770        574        2543       0          0.573     
595        0.093      774        570        2565       0          0.576     
596        0.125      782        562        2647       0          0.582     
597        0.125      777        567        2540       0          0.578     
598        0.068      778        566        2612       0          0.579     
599        0.437      781        563        2662       0          0.581     
600        0.169      784        560        2660       0          0.583     
601        0.063      782        562        2590       0          0.582     
602        0.119      777        567        2486       0          0.578     
603        0.067      782        562        2611       0          0.582     
604        0.076      782        562        2544       0          0.582     
605        0.067      786        558        2506       0          0.585     
606        0.164      784        560        2602       0          0.583     
607        0.068      773        571        2483       0          0.575     
608        0.092      781        563        2521       0          0.581     
609        0.212      779        565        2484       0          0.580     
610        0.072      770        574        2486       0          0.573     
611        0.064      777        567        2614       0          0.578     
612        0.072      780        564        2510       0          0.580     
613        0.094      782        562        2518       0          0.582     
614        0.278      784        560        2580       0          0.583     
615        0.086      777        567        2476       0          0.578     
616        0.498      782        562        2566       0          0.582     
617        0.407      785        559        2674       0          0.584     
618        0.388      781        563        2654       0          0.581     
619        0.075      778        566        2647       0          0.579     
620        0.137      778        566        2601       0          0.579     
621        0.278      780        564        2600       0          0.580     
622        0.216      785        559        2644       0          0.584     
623        0.231      784        560        2674       0          0.583     
624        0.189      788        556        2590       0          0.586     
625        0.066      783        561        2620       0          0.583     
626        0.073      780        564        2562       0          0.580     
627        0.097      779        565        2529       0          0.580     
628        0.165      781        563        2555       0          0.581     
629        0.266      787        557        2577       0          0.586     
630        0.312      781        563        2592       0          0.581     
631        0.108      782        562        2585       0          0.582     
632        0.073      777        567        2500       0          0.578     
633        0.277      778        566        2509       0          0.579     
634        0.060      778        566        2589       0          0.579     
635        0.077      782        562        2601       0          0.582     
636        0.261      785        559        2626       0          0.584     
637        0.085      779        565        2585       0          0.580     
638        0.198      786        558        2697       0          0.585     
639        0.102      783        561        2610       0          0.583     
640        0.062      786        558        2640       0          0.585     
641        0.254      784        560        2622       0          0.583     
642        0.269      780        564        2595       0          0.580     
643        0.070      783        561        2609       0          0.583     
644        0.075      781        563        2623       0          0.581     
645        0.296      784        560        2673       0          0.583     
646        0.082      774        570        2513       0          0.576     
647        0.178      779        565        2555       0          0.580     
648        0.119      778        566        2491       0          0.579     
649        0.067      774        570        2429       0          0.576     
650        0.082      778        566        2450       0          0.579     
651        0.126      772        572        2472       0          0.574     
652        0.261      777        567        2513       0          0.578     
653        0.082      778        566        2533       0          0.579     
654        0.071      780        564        2482       0          0.580     
655        0.066      777        567        2460       0          0.578     
656        0.174      779        565        2501       0          0.580     
657        0.914      778        566        2387       0          0.579     
658        0.098      777        567        2500       0          0.578     
659        0.221      780        564        2567       0          0.580     
660        0.093      780        564        2518       0          0.580     
661        0.063      780        564        2571       0          0.580     
662        0.888      777        567        2560       0          0.578     
663        0.324      779        565        2581       0          0.580     
664        0.250      781        563        2436       0          0.581     
665        0.155      780        564        2408       0          0.580     
666        0.067      780        564        2494       0          0.580     
667        0.092      774        570        2556       0          0.576     
668        0.789      776        568        2450       0          0.577     
669        0.125      774        570        2463       0          0.576     
670        0.154      778        566        2459       0          0.579     
671        0.126      775        569        2419       0          0.577     
672        0.115      771        573        2326       0          0.574     
673        0.073      773        571        2312       0          0.575     
674        0.072      778        566        2360       0          0.579     
675        0.172      773        571        2403       0          0.575     
676        0.091      777        567        2406       0          0.578     
677        0.273      775        569        2365       0          0.577     
678        0.081      775        569        2383       0          0.577     
679        0.071      777        567        2391       0          0.578     
680        0.065      781        563        2456       0          0.581     
681        0.155      771        573        2346       0          0.574     
682        0.068      767        577        2341       0          0.571     
683        0.083      770        574        2377       0          0.573     
684        0.056      773        571        2414       0          0.575     
685        0.102      778        566        2518       0          0.579     
686        0.078      772        572        2350       0          0.574     
687        0.188      770        574        2450       0          0.573     
688        0.076      773        571        2415       0          0.575     
689        0.090      768        576        2368       0          0.571     
690        0.175      770        574        2432       0          0.573     
691        0.072      774        570        2366       0          0.576     
692        0.280      773        571        2454       0          0.575     
693        0.084      770        574        2511       0          0.573     
694        0.065      774        570        2591       0          0.576     
695        0.220      776        568        2474       0          0.577     
696        0.063      774        570        2563       0          0.576     
697        0.075      772        572        2444       0          0.574     
698        0.096      776        568        2476       0          0.577     
699        0.068      775        569        2582       0          0.577     
700        0.058      772        572        2486       0          0.574     
701        0.460      772        572        2503       0          0.574     
702        0.066      774        570        2521       0          0.576     
703        0.066      777        567        2528       0          0.578     
704        0.070      777        567        2501       0          0.578     
705        0.087      774        570        2574       0          0.576     
706        0.171      776        568        2515       0          0.577     
707        0.161      777        567        2600       0          0.578     
708        0.054      780        564        2570       0          0.580     
709        0.189      781        563        2518       0          0.581     
710        0.069      777        567        2569       0          0.578     
711        0.059      774        570        2521       0          0.576     
712        0.138      772        572        2516       0          0.574     
713        0.110      768        576        2618       0          0.571     
714        0.053      775        569        2469       0          0.577     
715        0.197      777        567        2504       0          0.578     
716        0.208      775        569        2491       0          0.577     
717        0.079      779        565        2507       0          0.580     
718        0.108      771        573        2456       0          0.574     
719        0.187      775        569        2434       0          0.577     
720        0.077      777        567        2503       0          0.578     
721        0.681      776        568        2447       0          0.577     
722        0.235      781        563        2554       0          0.581     
723        0.060      778        566        2490       0          0.579     
724        0.055      775        569        2436       0          0.577     
725        0.060      776        568        2493       0          0.577     
726        0.050      770        574        2457       0          0.573     
727        0.099      772        572        2439       0          0.574     
728        0.113      764        580        2470       0          0.568     
729        0.097      768        576        2511       0          0.571     
730        1.167      766        578        2533       0          0.570     
731        0.062      778        566        2610       0          0.579     
732        0.056      767        577        2489       0          0.571     
733        0.114      764        580        2484       0          0.568     
734        0.176      771        573        2612       0          0.574     
735        0.080      767        577        2537       0          0.571     
736        0.154      772        572        2607       0          0.574     
737        0.088      769        575        2516       0          0.572     
738        0.055      772        572        2560       0          0.574     
739        0.086      766        578        2447       0          0.570     
740        0.139      765        579        2388       0          0.569     
741        0.065      766        578        2480       0          0.570     
742        0.063      763        581        2339       0          0.568     
743        0.183      764        580        2390       0          0.568     
744        0.068      770        574        2407       0          0.573     
745        0.305      774        570        2458       0          0.576     
746        0.062      773        571        2416       0          0.575     
747        0.065      774        570        2507       0          0.576     
748        0.186      775        569        2406       0          0.577     
749        0.072      763        581        2368       0          0.568     
750        0.181      773        571        2438       0          0.575     
751        0.055      771        573        2592       0          0.574     
752        0.063      770        574        2455       0          0.573     
753        0.083      771        573        2419       0          0.574     
754        0.059      774        570        2454       0          0.576     
755        0.052      768        576        2410       0          0.571     
756        0.106      771        573        2553       0          0.574     
757        0.067      770        574        2423       0          0.573     
758        0.057      776        568        2483       0          0.577     
759        0.179      770        574        2418       0          0.573     
760        1.839      774        570        2463       0          0.576     
761        0.333      770        574        2362       0          0.573     
762        0.062      775        569        2491       0          0.577     
763        0.056      775        569        2467       0          0.577     
764        0.240      780        564        2656       0          0.580     
765        0.498      776        568        2648       0          0.577     
766        0.093      779        565        2437       0          0.580     
767        0.079      778        566        2425       0          0.579     
768        0.178      773        571        2448       0          0.575     
769        0.097      770        574        2452       0          0.573     
770        0.173      764        580        2416       0          0.568     
771        0.327      772        572        2381       0          0.574     
772        0.064      767        577        2439       0          0.571     
773        0.056      770        574        2385       0          0.573     
774        0.052      772        572        2363       0          0.574     
775        0.098      767        577        2529       0          0.571     
776        0.166      766        578        2371       0          0.570     
777        0.057      768        576        2360       0          0.571     
778        0.178      766        578        2366       0          0.570     
779        0.073      761        583        2340       0          0.566     
780        0.130      764        580        2406       0          0.568     
781        0.226      766        578        2424       0          0.570     
782        0.164      758        586        2387       0          0.564     
783        0.103      767        577        2418       0          0.571     
784        0.054      766        578        2363       0          0.570     
785        0.064      767        577        2353       0          0.571     
786        0.150      776        568        2435       0          0.577     
787        0.161      770        574        2457       0          0.573     
788        0.047      768        576        2385       0          0.571     
789        0.106      773        571        2420       0          0.575     
790        0.059      767        577        2370       0          0.571     
791        0.063      765        579        2310       0          0.569     
792        0.158      769        575        2472       0          0.572     
793        0.116      774        570        2423       0          0.576     
794        0.155      766        578        2320       0          0.570     
795        0.064      773        571        2402       0          0.575     
796        0.054      772        572        2429       0          0.574     
797        0.057      767        577        2341       0          0.571     
798        0.182      765        579        2321       0          0.569     
799        0.164      768        576        2332       0          0.571     
800        0.050      766        578        2406       0          0.570     
801        0.053      773        571        2490       0          0.575     
802        0.270      771        573        2305       0          0.574     
803        0.157      774        570        2459       0          0.576     
804        0.067      776        568        2413       0          0.577     
805        0.060      772        572        2439       0          0.574     
806        0.055      773        571        2381       0          0.575     
807        0.053      768        576        2435       0          0.571     
808        0.213      776        568        2486       0          0.577     
809        0.196      773        571        2492       0          0.575     
810        0.065      773        571        2481       0          0.575     
811        0.177      771        573        2325       0          0.574     
812        0.262      771        573        2373       0          0.574     
813        0.515      774        570        2371       0          0.576     
814        0.075      769        575        2350       0          0.572     
815        0.158      776        568        2435       0          0.577     
816        0.061      775        569        2507       0          0.577     
817        0.078      770        574        2533       0          0.573     
818        0.191      775        569        2569       0          0.577     
819        0.065      765        579        2472       0          0.569     
820        0.064      769        575        2372       0          0.572     
821        0.061      769        575        2523       0          0.572     
822        0.062      769        575        2504       0          0.572     
823        0.056      773        571        2527       0          0.575     
824        0.057      778        566        2568       0          0.579     
825        0.249      775        569        2659       0          0.577     
826        0.075      772        572        2477       0          0.574     
827        0.061      770        574        2570       0          0.573     
828        0.061      773        571        2550       0          0.575     
829        0.942      769        575        2498       0          0.572     
830        0.061      767        577        2513       0          0.571     
831        0.179      767        577        2558       0          0.571     
832        0.250      770        574        2558       0          0.573     
833        0.056      770        574        2558       0          0.573     
834        0.060      772        572        2560       0          0.574     
835        0.080      769        575        2532       0          0.572     
836        0.080      771        573        2543       0          0.574     
837        0.205      770        574        2560       0          0.573     
838        0.218      767        577        2466       0          0.571     
839        0.058      767        577        2544       0          0.571     
840        0.154      769        575        2479       0          0.572     
841        0.056      770        574        2436       0          0.573     
842        0.051      768        576        2520       0          0.571     
843        0.051      762        582        2501       0          0.567     
844        0.122      767        577        2537       0          0.571     
845        0.069      761        583        2557       0          0.566     
846        0.154      774        570        2595       0          0.576     
847        0.178      768        576        2565       0          0.571     
848        0.053      770        574        2650       0          0.573     
849        0.052      767        577        2589       0          0.571     
850        0.119      772        572        2600       0          0.574     
851        0.209      765        579        2530       0          0.569     
852        0.091      761        583        2486       0          0.566     
853        0.107      764        580        2558       0          0.568     
854        0.051      763        581        2514       0          0.568     
855        0.169      763        581        2529       0          0.568     
856        0.061      765        579        2542       0          0.569     
857        0.316      762        582        2516       0          0.567     
858        0.050      763        581        2468       0          0.568     
859        0.119      765        579        2564       0          0.569     
860        0.059      770        574        2570       0          0.573     
861        0.159      768        576        2607       0          0.571     
862        0.048      768        576        2588       0          0.571     
863        0.106      770        574        2593       0          0.573     
864        0.106      770        574        2627       0          0.573     
865        0.050      769        575        2705       0          0.572     
866        0.055      765        579        2579       0          0.569     
867        0.178      766        578        2675       0          0.570     
868        0.135      770        574        2676       0          0.573     
869        0.045      766        578        2642       0          0.570     
870        0.063      764        580        2625       0          0.568     
871        0.134      766        578        2573       0          0.570     
872        0.059      766        578        2634       0          0.570     
873        0.459      769        575        2667       0          0.572     
874        0.220      768        576        2625       0          0.571     
875        0.070      770        574        2633       0          0.573     
876        0.046      774        570        2607       0          0.576     
877        0.066      770        574        2598       0          0.573     
878        0.053      773        571        2607       0          0.575     
879        0.402      769        575        2603       0          0.572     
880        0.050      767        577        2640       0          0.571     
881        0.106      769        575        2682       0          0.572     
882        0.111      773        571        2524       0          0.575     
883        0.049      765        579        2516       0          0.569     
884        0.193      766        578        2568       0          0.570     
885        0.073      770        574        2582       0          0.573     
886        0.055      764        580        2568       0          0.568     
887        0.184      769        575        2573       0          0.572     
888        0.061      767        577        2623       0          0.571     
889        0.360      765        579        2557       0          0.569     
890        0.064      772        572        2572       0          0.574     
891        0.072      770        574        2661       0          0.573     
892        0.059      771        573        2554       0          0.574     
893        0.193      769        575        2551       0          0.572     
894        0.046      768        576        2569       0          0.571     
895        0.174      766        578        2627       0          0.570     
896        0.493      761        583        2623       0          0.566     
897        0.074      762        582        2657       0          0.567     
898        0.188      762        582        2657       0          0.567     
899        0.324      765        579        2678       0          0.569     
900        0.056      768        576        2626       0          0.571     
901        0.573      760        584        2554       0          0.565     
902        0.070      762        582        2536       0          0.567     
903        0.189      763        581        2573       0          0.568     
904        0.044      763        581        2637       0          0.568     
905        0.056      762        582        2497       0          0.567     
906        0.069      767        577        2617       0          0.571     
907        0.049      763        581        2692       0          0.568     
908        0.076      769        575        2579       0          0.572     
909        0.050      763        581        2475       0          0.568     
910        0.047      768        576        2616       0          0.571     
911        0.050      767        577        2549       0          0.571     
912        0.049      772        572        2567       0          0.574     
913        0.171      766        578        2545       0          0.570     
914        0.047      774        570        2558       0          0.576     
915        0.174      776        568        2619       0          0.577     
916        0.048      770        574        2536       0          0.573     
917        0.624      767        577        2526       0          0.571     
918        0.160      769        575        2526       0          0.572     
919        0.139      776        568        2666       0          0.577     
920        0.297      770        574        2598       0          0.573     
921        0.616      774        570        2613       0          0.576     
922        0.102      768        576        2535       0          0.571     
923        0.054      771        573        2524       0          0.574     
924        0.048      772        572        2546       0          0.574     
925        0.049      772        572        2543       0          0.574     
926        0.047      773        571        2577       0          0.575     
927        0.500      771        573        2562       0          0.574     
928        0.165      770        574        2599       0          0.573     
929        0.053      768        576        2538       0          0.571     
930        0.113      765        579        2561       0          0.569     
931        0.152      769        575        2555       0          0.572     
932        0.070      767        577        2530       0          0.571     
933        0.045      769        575        2557       0          0.572     
934        0.044      766        578        2593       0          0.570     
935        0.285      767        577        2536       0          0.571     
936        0.063      771        573        2501       0          0.574     
937        0.159      771        573        2569       0          0.574     
938        0.053      775        569        2651       0          0.577     
939        0.056      768        576        2548       0          0.571     
940        0.224      771        573        2536       0          0.574     
941        0.044      776        568        2633       0          0.577     
942        0.047      769        575        2571       0          0.572     
943        0.178      771        573        2553       0          0.574     
944        0.149      772        572        2569       0          0.574     
945        0.042      770        574        2587       0          0.573     
946        0.054      774        570        2603       0          0.576     
947        0.152      770        574        2536       0          0.573     
948        0.191      768        576        2587       0          0.571     
949        0.047      764        580        2533       0          0.568     
950        0.051      771        573        2603       0          0.574     
951        0.150      771        573        2570       0          0.574     
952        0.159      772        572        2647       0          0.574     
953        0.048      774        570        2587       0          0.576     
954        0.105      772        572        2636       0          0.574     
955        0.156      773        571        2579       0          0.575     
956        0.046      768        576        2615       0          0.571     
957        0.041      771        573        2675       0          0.574     
958        0.107      772        572        2670       0          0.574     
959        0.050      768        576        2521       0          0.571     
960        0.213      766        578        2541       0          0.570     
961        0.157      773        571        2645       0          0.575     
962        0.042      771        573        2542       0          0.574     
963        0.117      768        576        2556       0          0.571     
964        0.040      767        577        2595       0          0.571     
965        0.045      762        582        2532       0          0.567     
966        0.160      768        576        2601       0          0.571     
967        0.044      767        577        2610       0          0.571     
968        0.152      768        576        2469       0          0.571     
969        0.066      767        577        2511       0          0.571     
970        0.082      767        577        2548       0          0.571     
971        0.034      768        576        2544       0          0.571     
972        0.041      768        576        2540       0          0.571     
973        0.079      768        576        2552       0          0.571     
974        0.177      768        576        2502       0          0.571     
975        0.237      766        578        2543       0          0.570     
976        0.048      768        576        2541       0          0.571     
977        0.230      770        574        2553       0          0.573     
978        0.045      770        574        2572       0          0.573     
979        0.127      770        574        2479       0          0.573     
980        0.172      769        575        2529       0          0.572     
981        0.044      770        574        2519       0          0.573     
982        0.038      770        574        2514       0          0.573     
983        0.119      766        578        2474       0          0.570     
984        0.066      768        576        2506       0          0.571     
985        0.197      768        576        2556       0          0.571     
986        0.047      769        575        2532       0          0.572     
987        0.043      763        581        2495       0          0.568     
988        0.172      766        578        2529       0          0.570     
989        0.138      769        575        2557       0          0.572     
990        0.081      764        580        2508       0          0.568     
991        0.048      766        578        2551       0          0.570     
992        0.183      763        581        2517       0          0.568     
993        0.045      763        581        2541       0          0.568     
994        0.120      760        584        2495       0          0.565     
995        0.072      762        582        2496       0          0.567     
996        0.046      766        578        2499       0          0.570     
997        0.054      762        582        2476       0          0.567     
998        0.037      762        582        2481       0          0.567     
999        0.044      763        581        2536       0          0.568     
1000       0.060      760        584        2461       0          0.565     

Correct    802
Incorrect  542
Baseline   0.013     
Accuracy   0.597     

Model: /home/jupyter-nlp/Skripsi Daniel/NER Dataset/NER Model/Gold-standard Model/1000-04-106
Training data: /home/jupyter-nlp/Skripsi Daniel/NER Dataset/NER Model/Gold-standard Model/1000-04-106/training.jsonl
Evaluation data: /home/jupyter-nlp/Skripsi Daniel/NER Dataset/NER Model/Gold-standard Model/1000-04-106/evaluation.jsonl


real    740m21.534s
user    1486m26.806s
sys     1155m29.067s


Dataset            ner_id_train_1_dev
  Created            2019-06-02 12:33:48
  Description        None
  Author             Daniel_Chrisna_Danuega
  Annotations        2580
  Accept             2554
  Reject             3
  Ignore             23