
time prodigy ner.batch-train ner_id_train_2 NER\ Model/Pre-trained\ Model/1000-03-97-NM --output NER\ Model/Final\ Model/1000-03-100-NM/ --n-iter 1000 --dropout 0.3 --batch-size 100 --eval-id final-model-eval >> INFO-1000-03-100-NM.txt


Loaded model NER Model/Pre-trained Model/1000-03-97-NM/
Loaded 431 evaluation examples from 'final-model-eval'
Using 100% of remaining examples (4504) for training
Dropout: 0.3  Batch size: 100  Iterations: 1000  


BEFORE     0.597     
Correct    [38;5;77m623[0m
Incorrect  [38;5;197m421[0m
Entities   1015      
Unknown    392       

         
#          LOSS       RIGHT      WRONG      ENTS       SKIP       ACCURACY  
01         1.536      172        872        517        0          0.165     
02         1.575      197        847        612        0          0.189     
03         1.330      216        828        657        0          0.207     
04         1.187      218        826        665        0          0.209     
05         1.375      211        833        713        0          0.202     
06         1.167      214        830        722        0          0.205     
07         0.833      225        819        718        0          0.216     
08         1.021      215        829        715        0          0.206     
09         0.824      221        823        738        0          0.212     
10         0.709      219        825        734        0          0.210     
11         0.543      226        818        740        0          0.216     
12         0.582      227        817        754        0          0.217     
13         0.775      226        818        746        0          0.216     
14         0.576      225        819        736        0          0.216     
15         0.849      230        814        748        0          0.220     
16         0.641      220        824        729        0          0.211     
17         0.343      222        822        733        0          0.213     
18         0.471      224        820        748        0          0.215     
19         0.514      224        820        775        0          0.215     
20         0.713      222        822        751        0          0.213     
21         0.489      221        823        741        0          0.212     
22         0.328      219        825        750        0          0.210     
23         0.524      224        820        766        0          0.215     
24         0.760      225        819        784        0          0.216     
25         0.604      221        823        764        0          0.212     
26         0.432      224        820        766        0          0.215     
27         0.341      221        823        759        0          0.212     
28         0.311      221        823        768        0          0.212     
29         0.678      220        824        769        0          0.211     
30         0.303      220        824        788        0          0.211     
31         0.457      221        823        778        0          0.212     
32         0.435      220        824        788        0          0.211     
33         0.352      217        827        780        0          0.208     
34         0.441      217        827        784        0          0.208     
35         0.337      225        819        802        0          0.216     
36         0.374      224        820        790        0          0.215     
37         0.344      229        815        813        0          0.219     
38         0.299      231        813        810        0          0.221     
39         0.405      226        818        805        0          0.216     
40         0.357      225        819        798        0          0.216     
41         0.303      225        819        785        0          0.216     
42         0.238      227        817        798        0          0.217     
43         0.188      220        824        793        0          0.211     
44         0.375      224        820        806        0          0.215     
45         0.308      222        822        816        0          0.213     
46         0.298      222        822        810        0          0.213     
47         0.243      228        816        824        0          0.218     
48         0.239      223        821        832        0          0.214     
49         0.316      223        821        834        0          0.214     
50         0.412      220        824        840        0          0.211     
51         0.271      220        824        847        0          0.211     
52         0.274      220        824        844        0          0.211     
53         0.187      219        825        848        0          0.210     
54         0.178      222        822        861        0          0.213     
55         0.624      219        825        858        0          0.210     
56         0.189      219        825        856        0          0.210     
57         0.184      220        824        870        0          0.211     
58         0.373      221        823        873        0          0.212     
59         0.185      217        827        872        0          0.208     
60         0.305      217        827        861        0          0.208     
61         0.179      216        828        863        0          0.207     
62         0.188      219        825        879        0          0.210     
63         0.435      218        826        885        0          0.209     
64         0.194      216        828        879        0          0.207     
65         0.299      215        829        870        0          0.206     
66         0.492      213        831        878        0          0.204     
67         0.346      213        831        875        0          0.204     
68         0.288      213        831        886        0          0.204     
69         0.362      211        833        892        0          0.202     
70         0.336      212        832        899        0          0.203     
71         0.233      214        830        910        0          0.205     
72         0.196      211        833        913        0          0.202     
73         0.201      221        823        935        0          0.212     
74         0.240      220        824        926        0          0.211     
75         0.176      215        829        921        0          0.206     
76         0.240      210        834        902        0          0.201     
77         0.248      215        829        909        0          0.206     
78         0.259      213        831        918        0          0.204     
79         0.582      213        831        914        0          0.204     
80         0.261      218        826        919        0          0.209     
81         0.475      214        830        908        0          0.205     
82         0.182      210        834        909        0          0.201     
83         0.270      212        832        903        0          0.203     
84         0.168      208        836        893        0          0.199     
85         0.247      218        826        919        0          0.209     
86         0.164      213        831        898        0          0.204     
87         0.131      207        837        881        0          0.198     
88         0.277      213        831        894        0          0.204     
89         0.166      215        829        896        0          0.206     
90         0.123      212        832        883        0          0.203     
91         0.278      210        834        872        0          0.201     
92         0.270      212        832        880        0          0.203     
93         0.130      213        831        876        0          0.204     
94         0.169      215        829        886        0          0.206     
95         0.211      213        831        870        0          0.204     
96         0.140      211        833        862        0          0.202     
97         0.127      208        836        858        0          0.199     
98         0.124      210        834        877        0          0.201     
99         0.209      207        837        866        0          0.198     
100        0.284      210        834        872        0          0.201     
101        0.148      212        832        885        0          0.203     
102        0.157      212        832        881        0          0.203     
103        0.145      211        833        890        0          0.202     
104        0.188      217        827        897        0          0.208     
105        0.283      214        830        893        0          0.205     
106        0.348      213        831        886        0          0.204     
107        0.169      214        830        904        0          0.205     
108        0.425      213        831        906        0          0.204     
109        0.239      213        831        903        0          0.204     
110        0.212      213        831        906        0          0.204     
111        0.120      216        828        916        0          0.207     
112        0.126      215        829        910        0          0.206     
113        0.213      212        832        891        0          0.203     
114        0.461      214        830        914        0          0.205     
115        0.122      216        828        920        0          0.207     
116        0.273      218        826        920        0          0.209     
117        0.145      215        829        911        0          0.206     
118        0.193      214        830        922        0          0.205     
119        0.111      215        829        913        0          0.206     
120        0.111      216        828        921        0          0.207     
121        0.435      215        829        915        0          0.206     
122        0.113      215        829        913        0          0.206     
123        0.198      214        830        917        0          0.205     
124        0.146      215        829        920        0          0.206     
125        0.141      216        828        926        0          0.207     
126        0.393      214        830        926        0          0.205     
127        0.128      214        830        923        0          0.205     
128        0.267      213        831        921        0          0.204     
129        0.193      211        833        925        0          0.202     
130        0.119      211        833        915        0          0.202     
131        0.126      214        830        928        0          0.205     
132        0.279      213        831        926        0          0.204     
133        0.127      211        833        922        0          0.202     
134        0.185      207        837        920        0          0.198     
135        0.171      212        832        933        0          0.203     
136        0.307      212        832        921        0          0.203     
137        0.114      209        835        920        0          0.200     
138        0.294      208        836        921        0          0.199     
139        0.111      210        834        917        0          0.201     
140        0.116      209        835        915        0          0.200     
141        0.109      207        837        909        0          0.198     
142        0.152      212        832        915        0          0.203     
143        0.139      210        834        915        0          0.201     
144        0.140      210        834        927        0          0.201     
145        0.245      214        830        925        0          0.205     
146        0.142      208        836        914        0          0.199     
147        0.195      212        832        912        0          0.203     
148        0.284      215        829        918        0          0.206     
149        0.352      211        833        909        0          0.202     
150        0.175      213        831        912        0          0.204     
151        0.212      213        831        917        0          0.204     
152        0.107      213        831        920        0          0.204     
153        0.124      213        831        915        0          0.204     
154        0.106      214        830        920        0          0.205     
155        0.113      210        834        913        0          0.201     
156        0.100      211        833        918        0          0.202     
157        0.129      215        829        922        0          0.206     
158        0.249      211        833        917        0          0.202     
159        0.124      209        835        917        0          0.200     
160        0.264      210        834        910        0          0.201     
161        0.120      208        836        909        0          0.199     
162        0.129      209        835        909        0          0.200     
163        0.133      211        833        918        0          0.202     
164        0.312      210        834        908        0          0.201     
165        0.307      213        831        916        0          0.204     
166        0.131      211        833        912        0          0.202     
167        0.385      209        835        904        0          0.200     
168        0.160      207        837        909        0          0.198     
169        0.354      208        836        913        0          0.199     
170        0.169      210        834        914        0          0.201     
171        0.140      209        835        927        0          0.200     
172        0.382      210        834        924        0          0.201     
173        0.178      212        832        932        0          0.203     
174        0.160      213        831        923        0          0.204     
175        0.146      209        835        924        0          0.200     
176        0.137      212        832        925        0          0.203     
177        0.517      210        834        932        0          0.201     
178        0.147      213        831        928        0          0.204     
179        0.513      212        832        929        0          0.203     
180        0.259      209        835        918        0          0.200     
181        0.297      211        833        931        0          0.202     
182        0.499      213        831        936        0          0.204     
183        1.867      223        821        959        0          0.214     
184        0.905      214        830        923        0          0.205     
185        0.785      215        829        937        0          0.206     
186        0.898      215        829        937        0          0.206     
187        0.551      214        830        939        0          0.205     
188        0.447      210        834        918        0          0.201     
189        0.973      210        834        917        0          0.201     
190        0.655      213        831        915        0          0.204     
191        0.652      209        835        921        0          0.200     
192        0.854      214        830        927        0          0.205     
193        0.899      212        832        935        0          0.203     
194        0.860      211        833        931        0          0.202     
195        0.625      210        834        942        0          0.201     
196        0.636      213        831        967        0          0.204     
197        0.571      213        831        960        0          0.204     
198        1.239      215        829        993        0          0.206     
199        0.784      211        833        994        0          0.202     
200        0.434      209        835        1016       0          0.200     
201        1.106      211        833        1015       0          0.202     
202        0.483      212        832        1040       0          0.203     
203        0.387      216        828        1064       0          0.207     
204        0.367      211        833        1065       0          0.202     
205        0.635      216        828        1105       0          0.207     
206        0.607      216        828        1134       0          0.207     
207        0.578      216        828        1147       0          0.207     
208        0.323      218        826        1165       0          0.209     
209        0.428      217        827        1160       0          0.208     
210        0.436      217        827        1186       0          0.208     
211        0.391      215        829        1152       0          0.206     
212        0.721      216        828        1202       0          0.207     
213        0.366      217        827        1205       0          0.208     
214        0.266      217        827        1178       0          0.208     
215        0.644      216        828        1227       0          0.207     
216        0.256      218        826        1221       0          0.209     
217        0.427      218        826        1209       0          0.209     
218        0.256      218        826        1273       0          0.209     
219        0.236      216        828        1266       0          0.207     
220        0.338      219        825        1342       0          0.210     
221        0.253      217        827        1382       0          0.208     
222        0.239      218        826        1322       0          0.209     
223        0.367      217        827        1341       0          0.208     
224        0.239      217        827        1353       0          0.208     
225        0.345      217        827        1338       0          0.208     
226        0.360      219        825        1346       0          0.210     
227        0.320      215        829        1339       0          0.206     
228        0.421      217        827        1340       0          0.208     
229        0.242      215        829        1341       0          0.206     
230        0.303      214        830        1337       0          0.205     
231        0.402      217        827        1363       0          0.208     
232        0.239      219        825        1367       0          0.210     
233        0.190      219        825        1362       0          0.210     
234        0.484      217        827        1353       0          0.208     
235        0.178      213        831        1358       0          0.204     
236        0.182      216        828        1363       0          0.207     
237        0.184      215        829        1361       0          0.206     
238        0.319      214        830        1352       0          0.205     
239        0.165      214        830        1354       0          0.205     
240        0.298      213        831        1349       0          0.204     
241        0.279      215        829        1369       0          0.206     
242        0.307      220        824        1378       0          0.211     
243        0.236      218        826        1373       0          0.209     
244        1.129      219        825        1370       0          0.210     
245        0.338      216        828        1376       0          0.207     
246        0.440      214        830        1355       0          0.205     
247        0.153      217        827        1357       0          0.208     
248        0.226      215        829        1349       0          0.206     
249        0.216      216        828        1355       0          0.207     
250        0.380      215        829        1360       0          0.206     
251        0.151      215        829        1354       0          0.206     
252        0.158      215        829        1361       0          0.206     
253        0.154      214        830        1361       0          0.205     
254        0.559      216        828        1372       0          0.207     
255        0.239      216        828        1366       0          0.207     
256        0.190      218        826        1366       0          0.209     
257        0.131      217        827        1366       0          0.208     
258        0.270      215        829        1362       0          0.206     
259        0.147      219        825        1365       0          0.210     
260        0.322      219        825        1362       0          0.210     
261        0.147      217        827        1358       0          0.208     
262        0.162      218        826        1366       0          0.209     
263        0.137      219        825        1366       0          0.210     
264        0.179      219        825        1364       0          0.210     
265        0.153      218        826        1363       0          0.209     
266        0.146      220        824        1365       0          0.211     
267        0.323      217        827        1363       0          0.208     
268        0.144      216        828        1367       0          0.207     
269        0.139      216        828        1361       0          0.207     
270        0.155      217        827        1373       0          0.208     
271        0.273      219        825        1373       0          0.210     
272        0.143      217        827        1366       0          0.208     
273        0.347      215        829        1371       0          0.206     
274        0.489      214        830        1363       0          0.205     
275        0.245      218        826        1367       0          0.209     
276        0.216      221        823        1373       0          0.212     
277        0.136      214        830        1364       0          0.205     
278        0.144      218        826        1378       0          0.209     
279        0.376      214        830        1378       0          0.205     
280        0.239      214        830        1379       0          0.205     
281        0.333      216        828        1378       0          0.207     
282        0.140      220        824        1381       0          0.211     
283        0.191      213        831        1372       0          0.204     
284        0.134      217        827        1379       0          0.208     
285        0.318      215        829        1397       0          0.206     
286        0.336      218        826        1397       0          0.209     
287        0.223      218        826        1397       0          0.209     
288        0.132      216        828        1391       0          0.207     
289        0.186      217        827        1387       0          0.208     
290        0.196      215        829        1388       0          0.206     
291        0.169      218        826        1390       0          0.209     
292        0.137      217        827        1393       0          0.208     
293        0.229      216        828        1394       0          0.207     
294        0.158      221        823        1398       0          0.212     
295        0.136      219        825        1411       0          0.210     
296        0.466      216        828        1393       0          0.207     
297        0.297      216        828        1390       0          0.207     
298        0.177      218        826        1395       0          0.209     
299        0.143      217        827        1397       0          0.208     
300        0.179      216        828        1396       0          0.207     
301        0.186      221        823        1403       0          0.212     
302        0.208      219        825        1421       0          0.210     
303        0.117      219        825        1417       0          0.210     
304        0.127      217        827        1421       0          0.208     
305        0.134      218        826        1405       0          0.209     
306        0.557      215        829        1412       0          0.206     
307        0.305      217        827        1408       0          0.208     
308        0.232      218        826        1410       0          0.209     
309        0.180      213        831        1405       0          0.204     
310        0.171      216        828        1413       0          0.207     
311        0.130      214        830        1412       0          0.205     
312        0.378      216        828        1414       0          0.207     
313        0.123      215        829        1407       0          0.206     
314        0.121      217        827        1411       0          0.208     
315        0.119      216        828        1418       0          0.207     
316        0.413      212        832        1407       0          0.203     
317        0.131      217        827        1419       0          0.208     
318        0.353      216        828        1415       0          0.207     
319        0.207      216        828        1413       0          0.207     
320        0.111      215        829        1410       0          0.206     
321        0.214      217        827        1413       0          0.208     
322        0.182      216        828        1410       0          0.207     
323        0.123      217        827        1410       0          0.208     
324        0.156      217        827        1415       0          0.208     
325        0.130      218        826        1414       0          0.209     
326        0.182      219        825        1408       0          0.210     
327        0.130      218        826        1403       0          0.209     
328        0.307      218        826        1419       0          0.209     
329        0.320      218        826        1399       0          0.209     
330        0.129      218        826        1395       0          0.209     
331        0.161      214        830        1392       0          0.205     
332        0.144      217        827        1390       0          0.208     
333        0.225      216        828        1408       0          0.207     
334        0.179      216        828        1396       0          0.207     
335        0.146      218        826        1413       0          0.209     
336        0.120      215        829        1397       0          0.206     
337        0.273      218        826        1411       0          0.209     
338        0.248      218        826        1400       0          0.209     
339        0.337      218        826        1418       0          0.209     
340        0.190      216        828        1395       0          0.207     
341        0.166      218        826        1412       0          0.209     
342        0.136      217        827        1401       0          0.208     
343        0.120      217        827        1403       0          0.208     
344        0.109      214        830        1399       0          0.205     
345        0.138      217        827        1406       0          0.208     
346        0.127      218        826        1415       0          0.209     
347        0.169      218        826        1419       0          0.209     
348        0.365      219        825        1412       0          0.210     
349        0.116      219        825        1420       0          0.210     
350        0.408      218        826        1421       0          0.209     
351        0.105      218        826        1416       0          0.209     
352        0.284      218        826        1426       0          0.209     
353        0.121      218        826        1418       0          0.209     
354        0.116      216        828        1415       0          0.207     
355        0.346      219        825        1423       0          0.210     
356        0.454      219        825        1417       0          0.210     
357        0.143      219        825        1428       0          0.210     
358        0.347      219        825        1424       0          0.210     
359        0.349      219        825        1428       0          0.210     
360        0.123      218        826        1437       0          0.209     
361        0.315      218        826        1428       0          0.209     
362        0.140      220        824        1428       0          0.211     
363        0.119      216        828        1417       0          0.207     
364        0.153      216        828        1429       0          0.207     
365        0.153      218        826        1424       0          0.209     
366        0.121      217        827        1415       0          0.208     
367        0.259      216        828        1409       0          0.207     
368        0.122      218        826        1409       0          0.209     
369        0.289      218        826        1405       0          0.209     
370        0.167      217        827        1409       0          0.208     
371        0.130      217        827        1407       0          0.208     
372        0.311      217        827        1407       0          0.208     
373        0.147      218        826        1418       0          0.209     
374        0.248      219        825        1436       0          0.210     
375        0.154      218        826        1436       0          0.209     
376        0.209      218        826        1444       0          0.209     
377        0.143      218        826        1439       0          0.209     
378        0.141      219        825        1432       0          0.210     
379        0.287      218        826        1422       0          0.209     
380        0.340      218        826        1413       0          0.209     
381        0.222      217        827        1411       0          0.208     
382        0.502      217        827        1415       0          0.208     
383        0.154      219        825        1433       0          0.210     
384        0.181      219        825        1424       0          0.210     
385        0.200      219        825        1420       0          0.210     
386        0.139      219        825        1421       0          0.210     
387        0.130      217        827        1418       0          0.208     
388        0.155      216        828        1418       0          0.207     
389        0.218      217        827        1431       0          0.208     
390        0.149      218        826        1422       0          0.209     
391        0.141      218        826        1420       0          0.209     
392        0.179      221        823        1433       0          0.212     
393        0.200      217        827        1436       0          0.208     
394        0.126      219        825        1442       0          0.210     
395        0.143      218        826        1426       0          0.209     
396        0.148      218        826        1446       0          0.209     
397        0.136      218        826        1438       0          0.209     
398        0.359      218        826        1437       0          0.209     
399        0.144      220        824        1445       0          0.211     
400        0.443      218        826        1440       0          0.209     
401        0.128      220        824        1429       0          0.211     
402        0.148      219        825        1447       0          0.210     
403        0.138      218        826        1448       0          0.209     
404        0.157      215        829        1427       0          0.206     
405        0.149      219        825        1450       0          0.210     
406        0.165      219        825        1462       0          0.210     
407        0.594      220        824        1465       0          0.211     
408        0.310      217        827        1461       0          0.208     
409        0.269      213        831        1461       0          0.204     
410        0.153      219        825        1460       0          0.210     
411        0.433      217        827        1468       0          0.208     
412        0.624      219        825        1477       0          0.210     
413        0.143      218        826        1458       0          0.209     
414        0.152      219        825        1469       0          0.210     
415        0.131      215        829        1456       0          0.206     
416        0.173      215        829        1453       0          0.206     
417        0.236      215        829        1460       0          0.206     
418        0.161      218        826        1470       0          0.209     
419        0.142      213        831        1466       0          0.204     
420        0.147      211        833        1467       0          0.202     
421        0.198      212        832        1459       0          0.203     
422        0.152      212        832        1472       0          0.203     
423        0.309      212        832        1467       0          0.203     
424        0.275      215        829        1475       0          0.206     
425        0.374      218        826        1469       0          0.209     
426        0.429      219        825        1479       0          0.210     
427        0.220      215        829        1473       0          0.206     
428        0.269      217        827        1474       0          0.208     
429        0.203      216        828        1470       0          0.207     
430        0.373      216        828        1471       0          0.207     
431        0.240      214        830        1471       0          0.205     
432        0.180      217        827        1477       0          0.208     
433        0.337      218        826        1471       0          0.209     
434        0.193      214        830        1475       0          0.205     
435        0.205      218        826        1478       0          0.209     
436        0.222      219        825        1524       0          0.210     
437        0.183      219        825        1523       0          0.210     
438        0.704      219        825        1483       0          0.210     
439        0.186      218        826        1523       0          0.209     
440        0.234      218        826        1516       0          0.209     
441        0.363      218        826        1483       0          0.209     
442        0.313      219        825        1499       0          0.210     
443        0.216      218        826        1514       0          0.209     
444        0.185      215        829        1478       0          0.206     
445        0.208      215        829        1468       0          0.206     
446        0.399      215        829        1483       0          0.206     
447        1.207      215        829        1472       0          0.206     
448        0.740      217        827        1484       0          0.208     
449        2.764      224        820        1549       0          0.215     
450        1.635      218        826        1524       0          0.209     
451        2.118      219        825        1526       0          0.210     
452        1.665      218        826        1508       0          0.209     
453        1.739      217        827        1525       0          0.208     
454        2.188      218        826        1527       0          0.209     
455        1.525      216        828        1543       0          0.207     
456        1.756      216        828        1529       0          0.207     
457        1.943      217        827        1529       0          0.208     
458        1.419      214        830        1563       0          0.205     
459        2.081      217        827        1543       0          0.208     
460        2.080      217        827        1554       0          0.208     
461        0.899      217        827        1608       0          0.208     
462        1.163      216        828        1622       0          0.207     
463        1.288      215        829        1640       0          0.206     
464        3.721      215        829        1676       0          0.206     
465        0.935      216        828        1703       0          0.207     
466        0.934      215        829        1715       0          0.206     
467        1.297      214        830        1721       0          0.205     
468        0.592      214        830        1717       0          0.205     
469        1.031      214        830        1711       0          0.205     
470        0.704      212        832        1701       0          0.203     
471        0.735      219        825        1769       0          0.210     
472        1.567      216        828        1809       0          0.207     
473        1.077      217        827        1777       0          0.208     
474        0.765      215        829        1793       0          0.206     
475        0.860      217        827        1817       0          0.208     
476        0.944      217        827        1856       0          0.208     
477        0.798      218        826        1841       0          0.209     
478        1.008      218        826        1870       0          0.209     
479        1.077      216        828        1826       0          0.207     
480        1.417      216        828        1867       0          0.207     
481        1.433      217        827        1889       0          0.208     
482        0.735      217        827        1889       0          0.208     
483        0.730      216        828        1903       0          0.207     
484        1.201      218        826        1899       0          0.209     
485        0.645      218        826        1975       0          0.209     
486        0.616      218        826        2006       0          0.209     
487        0.587      214        830        1973       0          0.205     
488        0.534      215        829        2039       0          0.206     
489        1.977      218        826        2055       0          0.209     
490        0.901      217        827        2086       0          0.208     
491        1.071      216        828        2096       0          0.207     
492        0.381      215        829        2151       0          0.206     
493        0.354      217        827        2161       0          0.208     
494        0.508      213        831        2147       0          0.204     
495        0.662      211        833        2172       0          0.202     
496        0.403      211        833        2139       0          0.202     
497        0.337      214        830        2182       0          0.205     
498        0.336      212        832        2173       0          0.203     
499        0.298      214        830        2228       0          0.205     
500        0.392      215        829        2319       0          0.206     
501        0.439      212        832        2212       0          0.203     
502        0.424      218        826        2348       0          0.209     
503        0.522      218        826        2348       0          0.209     
504        0.664      216        828        2298       0          0.207     
505        0.268      217        827        2326       0          0.208     
506        0.609      222        822        2438       0          0.213     
507        0.303      215        829        2409       0          0.206     
508        0.377      216        828        2422       0          0.207     
509        0.324      218        826        2406       0          0.209     
510        0.750      215        829        2475       0          0.206     
511        0.256      212        832        2431       0          0.203     
512        0.637      216        828        2493       0          0.207     
513        0.268      216        828        2452       0          0.207     
514        0.702      217        827        2453       0          0.208     
515        0.342      216        828        2448       0          0.207     
516        0.235      217        827        2443       0          0.208     
517        1.213      216        828        2450       0          0.207     
518        0.389      216        828        2479       0          0.207     
519        0.596      218        826        2521       0          0.209     
520        0.232      215        829        2522       0          0.206     
521        0.319      217        827        2513       0          0.208     
522        0.375      217        827        2531       0          0.208     
523        0.379      219        825        2493       0          0.210     
524        0.222      217        827        2496       0          0.208     
525        0.304      212        832        2480       0          0.203     
526        0.270      216        828        2514       0          0.207     
527        0.248      215        829        2522       0          0.206     
528        0.390      214        830        2511       0          0.205     
529        0.206      215        829        2495       0          0.206     
530        0.380      218        826        2520       0          0.209     
531        0.455      214        830        2467       0          0.205     
532        0.296      214        830        2458       0          0.205     
533        0.334      215        829        2453       0          0.206     
534        0.437      215        829        2470       0          0.206     
535        0.301      215        829        2473       0          0.206     
536        0.320      213        831        2483       0          0.204     
537        0.194      217        827        2490       0          0.208     
538        0.194      214        830        2472       0          0.205     
539        0.382      217        827        2476       0          0.208     
540        0.193      214        830        2457       0          0.205     
541        0.193      214        830        2452       0          0.205     
542        0.199      217        827        2480       0          0.208     
543        0.181      212        832        2449       0          0.203     
544        1.841      215        829        2475       0          0.206     
545        0.314      217        827        2482       0          0.208     
546        0.198      215        829        2480       0          0.206     
547        0.183      211        833        2448       0          0.202     
548        0.264      214        830        2480       0          0.205     
549        0.191      213        831        2481       0          0.204     
550        0.259      214        830        2472       0          0.205     
551        0.401      215        829        2465       0          0.206     
552        0.282      213        831        2469       0          0.204     
553        0.258      214        830        2470       0          0.205     
554        0.897      216        828        2473       0          0.207     
555        0.203      213        831        2447       0          0.204     
556        0.525      214        830        2452       0          0.205     
557        0.182      214        830        2450       0          0.205     
558        0.174      215        829        2452       0          0.206     
559        0.273      217        827        2462       0          0.208     
560        0.311      213        831        2459       0          0.204     
561        0.189      217        827        2468       0          0.208     
562        0.264      218        826        2467       0          0.209     
563        0.190      216        828        2460       0          0.207     
564        0.411      217        827        2494       0          0.208     
565        1.178      213        831        2487       0          0.204     
566        0.238      215        829        2468       0          0.206     
567        0.270      215        829        2496       0          0.206     
568        0.205      216        828        2471       0          0.207     
569        0.199      214        830        2494       0          0.205     
570        0.292      215        829        2492       0          0.206     
571        1.655      216        828        2497       0          0.207     
572        0.196      213        831        2499       0          0.204     
573        0.375      216        828        2507       0          0.207     
574        0.791      214        830        2499       0          0.205     
575        0.193      214        830        2469       0          0.205     
576        0.207      213        831        2470       0          0.204     
577        0.239      213        831        2500       0          0.204     
578        0.185      213        831        2511       0          0.204     
579        0.167      213        831        2505       0          0.204     
580        0.182      213        831        2514       0          0.204     
581        0.209      214        830        2512       0          0.205     
582        0.201      214        830        2518       0          0.205     
583        0.254      213        831        2517       0          0.204     
584        0.347      213        831        2518       0          0.204     
585        0.428      214        830        2515       0          0.205     
586        0.283      214        830        2528       0          0.205     
587        0.235      213        831        2507       0          0.204     
588        0.298      213        831        2517       0          0.204     
589        0.277      213        831        2518       0          0.204     
590        0.189      213        831        2534       0          0.204     
591        0.251      213        831        2519       0          0.204     
592        0.295      213        831        2536       0          0.204     
593        0.172      210        834        2527       0          0.201     
594        0.209      212        832        2543       0          0.203     
595        0.191      210        834        2537       0          0.201     
596        0.272      211        833        2541       0          0.202     
597        0.169      210        834        2537       0          0.201     
598        0.236      210        834        2537       0          0.201     
599        0.295      210        834        2531       0          0.201     
600        0.166      210        834        2532       0          0.201     
601        0.487      210        834        2519       0          0.201     
602        0.236      211        833        2522       0          0.202     
603        0.349      211        833        2553       0          0.202     
604        0.386      211        833        2538       0          0.202     
605        0.192      211        833        2532       0          0.202     
606        0.166      211        833        2547       0          0.202     
607        0.310      211        833        2556       0          0.202     
608        0.383      211        833        2568       0          0.202     
609        0.441      211        833        2536       0          0.202     
610        0.165      212        832        2545       0          0.203     
611        0.171      212        832        2558       0          0.203     
612        0.233      211        833        2528       0          0.202     
613        0.183      211        833        2522       0          0.202     
614        1.385      212        832        2526       0          0.203     
615        0.298      212        832        2527       0          0.203     
616        0.189      213        831        2539       0          0.204     
617        0.159      213        831        2541       0          0.204     
618        0.258      213        831        2530       0          0.204     
619        0.205      214        830        2531       0          0.205     
620        0.168      211        833        2535       0          0.202     
621        0.180      213        831        2547       0          0.204     
622        0.255      213        831        2531       0          0.204     
623        0.161      211        833        2523       0          0.202     
624        0.224      213        831        2538       0          0.204     
625        0.340      214        830        2548       0          0.205     
626        0.470      213        831        2538       0          0.204     
627        0.148      214        830        2531       0          0.205     
628        0.237      212        832        2535       0          0.203     
629        0.195      213        831        2538       0          0.204     
630        0.683      213        831        2542       0          0.204     
631        0.149      213        831        2540       0          0.204     
632        0.158      213        831        2538       0          0.204     
633        0.174      213        831        2549       0          0.204     
634        0.314      213        831        2544       0          0.204     
635        0.214      213        831        2560       0          0.204     
636        0.183      214        830        2542       0          0.205     
637        0.302      213        831        2542       0          0.204     
638        0.247      212        832        2548       0          0.203     
639        0.159      212        832        2540       0          0.203     
640        0.194      213        831        2536       0          0.204     
641        0.476      215        829        2560       0          0.206     
642        0.161      214        830        2558       0          0.205     
643        0.311      212        832        2551       0          0.203     
644        0.166      213        831        2552       0          0.204     
645        0.462      213        831        2549       0          0.204     
646        0.379      214        830        2549       0          0.205     
647        0.403      213        831        2553       0          0.204     
648        0.196      212        832        2549       0          0.203     
649        0.202      211        833        2550       0          0.202     
650        0.222      211        833        2550       0          0.202     
651        0.257      212        832        2552       0          0.203     
652        0.156      211        833        2547       0          0.202     
653        0.205      212        832        2556       0          0.203     
654        0.349      213        831        2548       0          0.204     
655        0.385      214        830        2547       0          0.205     
656        0.187      213        831        2549       0          0.204     
657        0.378      213        831        2547       0          0.204     
658        1.090      217        827        2562       0          0.208     
659        2.607      226        818        2614       0          0.216     
660        2.322      224        820        2608       0          0.215     
661        2.277      224        820        2597       0          0.215     
662        1.784      221        823        2586       0          0.212     
663        2.036      220        824        2582       0          0.211     
664        1.536      219        825        2579       0          0.210     
665        1.372      218        826        2587       0          0.209     
666        1.426      219        825        2598       0          0.210     
667        1.489      221        823        2604       0          0.212     
668        1.189      219        825        2596       0          0.210     
669        4.108      219        825        2606       0          0.210     
670        1.236      217        827        2600       0          0.208     
671        0.678      217        827        2601       0          0.208     
672        1.553      217        827        2613       0          0.208     
673        0.728      216        828        2626       0          0.207     
674        0.768      217        827        2640       0          0.208     
675        0.756      216        828        2640       0          0.207     
676        0.533      216        828        2642       0          0.207     
677        1.001      217        827        2646       0          0.208     
678        0.670      217        827        2642       0          0.208     
679        1.092      217        827        2640       0          0.208     
680        0.761      216        828        2667       0          0.207     
681        0.727      217        827        2669       0          0.208     
682        0.476      218        826        2665       0          0.209     
683        0.431      217        827        2670       0          0.208     
684        1.062      218        826        2671       0          0.209     
685        1.739      218        826        2668       0          0.209     
686        0.516      217        827        2661       0          0.208     
687        0.906      218        826        2682       0          0.209     
688        0.521      218        826        2684       0          0.209     
689        0.338      217        827        2688       0          0.208     
690        0.588      216        828        2691       0          0.207     
691        0.491      217        827        2718       0          0.208     
692        0.359      218        826        2721       0          0.209     
693        0.316      217        827        2731       0          0.208     
694        0.329      217        827        2719       0          0.208     
695        0.580      217        827        2742       0          0.208     
696        1.044      217        827        2799       0          0.208     
697        0.639      217        827        2818       0          0.208     
698        2.528      218        826        2827       0          0.209     
699        0.312      219        825        2938       0          0.210     
700        0.489      217        827        2896       0          0.208     
701        0.717      217        827        2958       0          0.208     
702        0.550      216        828        2922       0          0.207     
703        0.483      217        827        2941       0          0.208     
704        0.275      215        829        2942       0          0.206     
705        0.314      218        826        2982       0          0.209     
706        0.371      217        827        3040       0          0.208     
707        0.449      217        827        2992       0          0.208     
708        0.302      217        827        2973       0          0.208     
709        0.374      218        826        3071       0          0.209     
710        0.474      218        826        3131       0          0.209     
711        0.282      219        825        3186       0          0.210     
712        0.410      217        827        3172       0          0.208     
713        0.467      219        825        3221       0          0.210     
714        0.251      217        827        3260       0          0.208     
715        0.267      219        825        3287       0          0.210     
716        0.638      220        824        3313       0          0.211     
717        0.227      219        825        3321       0          0.210     
718        0.237      221        823        3401       0          0.212     
719        0.256      220        824        3422       0          0.211     
720        0.302      220        824        3454       0          0.211     
721        0.241      221        823        3470       0          0.212     
722        0.283      219        825        3607       0          0.210     
723        0.251      220        824        3495       0          0.211     
724        0.454      221        823        3577       0          0.212     
725        0.218      220        824        3658       0          0.211     
726        0.413      220        824        3694       0          0.211     
727        0.227      220        824        3687       0          0.211     
728        0.976      220        824        3724       0          0.211     
729        0.690      220        824        3738       0          0.211     
730        0.280      220        824        3744       0          0.211     
731        0.327      221        823        3821       0          0.212     
732        0.497      222        822        3800       0          0.213     
733        0.367      222        822        3813       0          0.213     
734        0.218      221        823        3768       0          0.212     
735        0.587      223        821        3782       0          0.214     
736        0.302      225        819        3939       0          0.216     
737        0.318      223        821        3873       0          0.214     
738        0.339      223        821        4035       0          0.214     
739        0.247      225        819        4010       0          0.216     
740        0.304      222        822        3980       0          0.213     
741        0.210      225        819        4033       0          0.216     
742        0.547      224        820        4090       0          0.215     
743        0.401      223        821        4101       0          0.214     
744        0.657      223        821        4130       0          0.214     
745        0.361      225        819        4129       0          0.216     
746        0.285      226        818        4117       0          0.216     
747        0.200      227        817        4167       0          0.217     
748        0.437      227        817        4181       0          0.217     
749        0.186      226        818        4240       0          0.216     
750        0.211      224        820        4222       0          0.215     
751        0.200      225        819        4223       0          0.216     
752        0.209      224        820        4238       0          0.215     
753        0.347      224        820        4269       0          0.215     
754        0.197      223        821        4260       0          0.214     
755        1.263      223        821        4242       0          0.214     
756        0.186      223        821        4265       0          0.214     
757        0.190      225        819        4302       0          0.216     
758        0.223      225        819        4277       0          0.216     
759        0.294      224        820        4307       0          0.215     
760        0.300      224        820        4294       0          0.215     
761        0.184      223        821        4312       0          0.214     
762        1.320      224        820        4307       0          0.215     
763        0.219      224        820        4310       0          0.215     
764        0.231      224        820        4311       0          0.215     
765        0.457      224        820        4324       0          0.215     
766        0.389      224        820        4294       0          0.215     
767        0.180      223        821        4326       0          0.214     
768        0.260      224        820        4320       0          0.215     
769        0.171      224        820        4297       0          0.215     
770        0.169      224        820        4320       0          0.215     
771        1.222      224        820        4303       0          0.215     
772        0.554      224        820        4297       0          0.215     
773        0.198      223        821        4304       0          0.214     
774        0.169      223        821        4300       0          0.214     
775        0.191      222        822        4299       0          0.213     
776        0.263      222        822        4298       0          0.213     
777        0.173      223        821        4310       0          0.214     
778        0.470      224        820        4316       0          0.215     
779        0.382      222        822        4314       0          0.213     
780        0.275      223        821        4310       0          0.214     
781        0.241      222        822        4308       0          0.213     
782        0.172      222        822        4310       0          0.213     
783        0.154      222        822        4313       0          0.213     
784        0.185      222        822        4306       0          0.213     
785        0.165      220        824        4303       0          0.211     
786        0.173      220        824        4303       0          0.211     
787        0.197      220        824        4305       0          0.211     
788        1.001      221        823        4310       0          0.212     
789        0.183      223        821        4314       0          0.214     
790        0.282      221        823        4309       0          0.212     
791        0.372      221        823        4304       0          0.212     
792        0.159      222        822        4313       0          0.213     
793        0.563      223        821        4310       0          0.214     
794        0.326      222        822        4308       0          0.213     
795        0.190      221        823        4303       0          0.212     
796        0.155      221        823        4307       0          0.212     
797        0.548      222        822        4307       0          0.213     
798        0.248      222        822        4308       0          0.213     
799        0.491      222        822        4298       0          0.213     
800        0.157      222        822        4307       0          0.213     
801        0.147      222        822        4308       0          0.213     
802        0.188      222        822        4298       0          0.213     
803        0.252      222        822        4307       0          0.213     
804        0.314      221        823        4304       0          0.212     
805        0.185      222        822        4306       0          0.213     
806        0.177      222        822        4309       0          0.213     
807        0.294      221        823        4309       0          0.212     
808        0.192      221        823        4310       0          0.212     
809        0.214      219        825        4305       0          0.210     
810        0.260      222        822        4312       0          0.213     
811        0.244      222        822        4301       0          0.213     
812        0.194      220        824        4307       0          0.211     
813        0.238      223        821        4309       0          0.214     
814        0.269      223        821        4294       0          0.214     
815        0.276      224        820        4294       0          0.215     
816        0.204      224        820        4296       0          0.215     
817        0.156      224        820        4294       0          0.215     
818        0.157      220        824        4288       0          0.211     
819        0.190      223        821        4293       0          0.214     
820        0.159      219        825        4287       0          0.210     
821        0.265      220        824        4286       0          0.211     
822        0.248      224        820        4293       0          0.215     
823        0.150      220        824        4289       0          0.211     
824        0.219      219        825        4289       0          0.210     
825        0.504      220        824        4288       0          0.211     
826        0.152      219        825        4289       0          0.210     
827        0.452      219        825        4289       0          0.210     
828        0.162      220        824        4290       0          0.211     
829        0.205      222        822        4293       0          0.213     
830        0.216      222        822        4294       0          0.213     
831        0.694      219        825        4289       0          0.210     
832        0.157      221        823        4294       0          0.212     
833        0.181      220        824        4291       0          0.211     
834        1.630      220        824        4289       0          0.211     
835        0.154      222        822        4293       0          0.213     
836        0.148      223        821        4295       0          0.214     
837        0.194      223        821        4289       0          0.214     
838        0.230      222        822        4288       0          0.213     
839        0.147      219        825        4280       0          0.210     
840        0.226      222        822        4296       0          0.213     
841        0.226      222        822        4286       0          0.213     
842        0.169      220        824        4295       0          0.211     
843        0.165      221        823        4293       0          0.212     
844        0.619      222        822        4293       0          0.213     
845        0.145      222        822        4294       0          0.213     
846        0.157      220        824        4286       0          0.211     
847        0.225      221        823        4308       0          0.212     
848        0.472      221        823        4293       0          0.212     
849        0.158      219        825        4299       0          0.210     
850        0.157      223        821        4296       0          0.214     
851        0.165      223        821        4291       0          0.214     
852        0.179      222        822        4291       0          0.213     
853        0.147      220        824        4289       0          0.211     
854        0.298      221        823        4289       0          0.212     
855        0.233      220        824        4284       0          0.211     
856        0.139      221        823        4284       0          0.212     
857        0.193      222        822        4293       0          0.213     
858        0.325      222        822        4287       0          0.213     
859        0.149      222        822        4303       0          0.213     
860        0.141      222        822        4288       0          0.213     
861        0.229      222        822        4288       0          0.213     
862        1.659      221        823        4288       0          0.212     
863        0.205      221        823        4289       0          0.212     
864        0.280      223        821        4290       0          0.214     
865        0.160      221        823        4288       0          0.212     
866        0.377      221        823        4288       0          0.212     
867        0.404      222        822        4288       0          0.213     
868        0.147      221        823        4286       0          0.212     
869        0.152      220        824        4285       0          0.211     
870        0.216      223        821        4290       0          0.214     
871        0.195      225        819        4292       0          0.216     
872        0.178      224        820        4296       0          0.215     
873        0.237      223        821        4296       0          0.214     
874        0.244      222        822        4289       0          0.213     
875        0.255      224        820        4304       0          0.215     
876        0.183      221        823        4289       0          0.212     
877        0.182      224        820        4293       0          0.215     
878        0.683      226        818        4299       0          0.216     
879        0.226      224        820        4295       0          0.215     
880        0.247      224        820        4290       0          0.215     
881        0.296      223        821        4291       0          0.214     
882        0.330      223        821        4289       0          0.214     
883        0.239      224        820        4291       0          0.215     
884        0.161      223        821        4289       0          0.214     
885        0.370      223        821        4293       0          0.214     
886        1.006      224        820        4294       0          0.215     
887        0.144      224        820        4289       0          0.215     
888        0.290      224        820        4290       0          0.215     
889        0.388      224        820        4289       0          0.215     
890        0.143      223        821        4292       0          0.214     
891        0.242      225        819        4289       0          0.216     
892        0.206      224        820        4297       0          0.215     
893        0.147      225        819        4288       0          0.216     
894        0.143      223        821        4311       0          0.214     
895        0.332      225        819        4313       0          0.216     
896        0.150      224        820        4296       0          0.215     
897        0.143      222        822        4304       0          0.213     
898        0.193      225        819        4300       0          0.216     
899        0.159      223        821        4290       0          0.214     
900        0.143      224        820        4291       0          0.215     
901        0.145      225        819        4291       0          0.216     
902        0.142      225        819        4292       0          0.216     
903        0.143      226        818        4296       0          0.216     
904        0.194      227        817        4295       0          0.217     
905        0.144      225        819        4295       0          0.216     
906        0.330      223        821        4291       0          0.214     
907        0.270      224        820        4292       0          0.215     
908        1.023      224        820        4290       0          0.215     
909        0.162      224        820        4294       0          0.215     
910        0.257      225        819        4291       0          0.216     
911        0.270      226        818        4293       0          0.216     
912        0.201      225        819        4296       0          0.216     
913        0.167      226        818        4293       0          0.216     
914        0.169      225        819        4293       0          0.216     
915        0.144      226        818        4295       0          0.216     
916        0.214      225        819        4292       0          0.216     
917        1.544      225        819        4303       0          0.216     
918        0.180      228        816        4293       0          0.218     
919        0.239      227        817        4302       0          0.217     
920        0.269      226        818        4292       0          0.216     
921        0.240      226        818        4297       0          0.216     
922        0.182      226        818        4294       0          0.216     
923        0.148      227        817        4297       0          0.217     
924        0.273      226        818        4287       0          0.216     
925        0.294      227        817        4298       0          0.217     
926        0.149      225        819        4304       0          0.216     
927        0.889      224        820        4288       0          0.215     
928        0.229      226        818        4288       0          0.216     
929        0.227      224        820        4286       0          0.215     
930        0.436      224        820        4295       0          0.215     
931        1.319      224        820        4295       0          0.215     
932        0.258      225        819        4298       0          0.216     
933        0.278      227        817        4303       0          0.217     
934        0.173      228        816        4300       0          0.218     
935        0.361      228        816        4298       0          0.218     
936        0.509      226        818        4288       0          0.216     
937        0.217      226        818        4288       0          0.216     
938        0.241      227        817        4297       0          0.217     
939        0.133      224        820        4293       0          0.215     
940        0.196      226        818        4291       0          0.216     
941        0.233      226        818        4293       0          0.216     
942        0.124      224        820        4280       0          0.215     
943        0.185      225        819        4280       0          0.216     
944        0.140      226        818        4292       0          0.216     
945        0.131      225        819        4293       0          0.216     
946        0.373      227        817        4290       0          0.217     
947        0.140      225        819        4284       0          0.216     
948        0.137      229        815        4302       0          0.219     
949        0.141      228        816        4300       0          0.218     
950        0.451      224        820        4293       0          0.215     
951        0.133      224        820        4294       0          0.215     
952        0.410      228        816        4306       0          0.218     
953        0.140      227        817        4299       0          0.217     
954        0.141      226        818        4299       0          0.216     
955        0.130      227        817        4294       0          0.217     
956        0.156      229        815        4302       0          0.219     
957        0.253      228        816        4301       0          0.218     
958        0.321      226        818        4292       0          0.216     
959        0.300      229        815        4300       0          0.219     
960        0.151      229        815        4304       0          0.219     
961        0.146      226        818        4300       0          0.216     
962        0.242      225        819        4287       0          0.216     
963        0.238      226        818        4286       0          0.216     
964        0.180      221        823        4283       0          0.212     
965        0.146      226        818        4291       0          0.216     
966        0.239      226        818        4295       0          0.216     
967        0.181      223        821        4284       0          0.214     
968        0.142      228        816        4291       0          0.218     
969        0.284      228        816        4291       0          0.218     
970        0.761      226        818        4292       0          0.216     
971        0.132      228        816        4294       0          0.218     
972        0.166      227        817        4289       0          0.217     
973        0.225      226        818        4292       0          0.216     
974        0.141      225        819        4292       0          0.216     
975        0.292      226        818        4291       0          0.216     
976        1.124      227        817        4292       0          0.217     
977        0.141      226        818        4291       0          0.216     
978        0.289      227        817        4293       0          0.217     
979        0.258      228        816        4295       0          0.218     
980        0.291      226        818        4292       0          0.216     
981        0.463      227        817        4294       0          0.217     
982        0.217      227        817        4293       0          0.217     
983        0.337      228        816        4293       0          0.218     
984        0.268      226        818        4292       0          0.216     
985        0.129      225        819        4279       0          0.216     
986        0.232      225        819        4275       0          0.216     
987        0.250      224        820        4274       0          0.215     
988        0.122      225        819        4275       0          0.216     
989        0.124      226        818        4275       0          0.216     
990        0.165      227        817        4278       0          0.217     
991        0.227      228        816        4279       0          0.218     
992        0.165      226        818        4282       0          0.216     
993        0.189      225        819        4276       0          0.216     
994        1.583      224        820        4276       0          0.215     
995        0.232      225        819        4277       0          0.216     
996        0.129      226        818        4277       0          0.216     
997        0.184      225        819        4276       0          0.216     
998        0.327      226        818        4272       0          0.216     
999        0.134      225        819        4273       0          0.216     
1000       0.150      226        818        4276       0          0.216     

Correct    [38;5;77m231[0m
Incorrect  [38;5;197m813[0m
Baseline   0.597     
Accuracy   0.221     

Model: /home/jupyter-nlp/Skripsi Daniel/NER Dataset/NER Model/Final Model/1000-03-100-NM
Training data: /home/jupyter-nlp/Skripsi Daniel/NER Dataset/NER Model/Final Model/1000-03-100-NM/training.jsonl
Evaluation data: /home/jupyter-nlp/Skripsi Daniel/NER Dataset/NER Model/Final Model/1000-03-100-NM/evaluation.jsonl


real    1019m11.292s
user    2829m18.905s
sys     2328m24.511s



DATASET

  Dataset            ner_id_train_2
  Created            2019-05-20 16:52:48
  Description        A dataset store remaining id_gsd-ud-train.jsonl that is annotated by using ner.teach pre-trained NER model
  Author             Daniel_Chrisna_Danuega
  Annotations        14353
  Accept             2550
  Reject             11795
  Ignore             8