
time prodigy ner.batch-train ner_id_train_1_dev id_ud-tag-dep-ner-1.0.0/ --output Gold-standard\ Model/1000-03-106/ --n-iter 1000 --dropout 0.3 --batch-size 106 >> INFO-1000-03-106.txt


Loaded model id_ud-tag-dep-ner-1.0.0/
Using 20% of accept/reject examples (511) for evaluation
Using 100% of remaining examples (2230) for training
Dropout: 0.3  Batch size: 106  Iterations: 1000  


BEFORE     0.013     
Correct    7
Incorrect  1327
Entities   4773      
Unknown    4756      

         
#          LOSS       RIGHT      WRONG      ENTS       SKIP       ACCURACY  
01         4.579      248        1096       758        0          0.185     
02         3.931      381        963        1084       0          0.283     
03         5.860      511        833        1306       0          0.380     
04         2.459      540        804        1387       0          0.402     
05         2.619      592        752        2150       0          0.440     
06         2.283      632        712        2342       0          0.470     
07         2.069      657        687        2169       0          0.489     
08         3.121      684        660        1818       0          0.509     
09         2.583      722        622        2134       0          0.537     
10         2.705      742        602        1984       0          0.552     
11         2.786      755        589        2435       0          0.562     
12         4.739      774        570        2731       0          0.576     
13         1.857      781        563        2856       0          0.581     
14         2.076      786        558        2800       0          0.585     
15         1.540      797        547        2674       0          0.593     
16         2.109      794        550        2540       0          0.591     
17         1.929      808        536        2631       0          0.601     
18         1.726      813        531        2695       0          0.605     
19         1.604      820        524        2738       0          0.610     
20         1.109      823        521        3027       0          0.612     
21         1.078      821        523        2802       0          0.611     
22         1.616      820        524        2989       0          0.610     
23         1.383      832        512        2910       0          0.619     
24         0.754      823        521        2779       0          0.612     
25         1.420      820        524        3029       0          0.610     
26         0.779      823        521        2967       0          0.612     
27         2.466      818        526        2910       0          0.609     
28         0.542      810        534        3116       0          0.603     
29         0.605      807        537        2916       0          0.600     
30         0.991      807        537        3045       0          0.600     
31         0.568      803        541        3125       0          0.597     
32         1.215      805        539        3124       0          0.599     
33         0.446      800        544        2968       0          0.595     
34         1.024      807        537        3163       0          0.600     
35         0.696      805        539        3073       0          0.599     
36         0.618      808        536        3000       0          0.601     
37         0.567      809        535        2990       0          0.602     
38         1.580      806        538        3094       0          0.600     
39         0.349      805        539        3081       0          0.599     
40         0.333      802        542        2999       0          0.597     
41         0.636      794        550        2892       0          0.591     
42         0.554      795        549        2953       0          0.592     
43         0.612      799        545        3112       0          0.594     
44         0.556      795        549        3094       0          0.592     
45         0.965      799        545        2940       0          0.594     
46         0.345      793        551        3121       0          0.590     
47         0.407      797        547        3110       0          0.593     
48         0.318      806        538        2986       0          0.600     
49         0.347      799        545        2991       0          0.594     
50         0.399      798        546        3240       0          0.594     
51         0.576      797        547        3350       0          0.593     
52         0.290      793        551        3144       0          0.590     
53         0.410      798        546        3186       0          0.594     
54         0.475      798        546        3063       0          0.594     
55         0.498      800        544        3074       0          0.595     
56         0.387      799        545        3144       0          0.594     
57         0.252      802        542        3325       0          0.597     
58         2.856      798        546        3089       0          0.594     
59         0.402      801        543        3251       0          0.596     
60         0.444      803        541        3075       0          0.597     
61         0.602      807        537        3180       0          0.600     
62         0.249      807        537        2979       0          0.600     
63         0.426      802        542        3212       0          0.597     
64         0.276      802        542        3120       0          0.597     
65         0.210      800        544        3073       0          0.595     
66         0.504      806        538        3129       0          0.600     
67         0.224      793        551        3053       0          0.590     
68         0.550      790        554        3071       0          0.588     
69         0.354      794        550        3079       0          0.591     
70         0.307      786        558        3083       0          0.585     
71         0.251      784        560        3179       0          0.583     
72         0.478      790        554        3137       0          0.588     
73         0.332      795        549        3388       0          0.592     
74         0.360      791        553        3120       0          0.589     
75         0.181      800        544        3292       0          0.595     
76         0.457      801        543        3216       0          0.596     
77         0.358      797        547        3367       0          0.593     
78         0.580      801        543        3339       0          0.596     
79         0.370      794        550        3360       0          0.591     
80         0.401      786        558        3156       0          0.585     
81         0.247      787        557        3152       0          0.586     
82         0.179      796        548        3216       0          0.592     
83         0.181      797        547        3115       0          0.593     
84         0.291      792        552        3330       0          0.589     
85         0.878      794        550        3122       0          0.591     
86         0.166      800        544        3159       0          0.595     
87         0.408      793        551        3056       0          0.590     
88         0.751      796        548        3260       0          0.592     
89         0.602      787        557        3152       0          0.586     
90         0.541      788        556        3180       0          0.586     
91         0.581      794        550        3489       0          0.591     
92         0.164      789        555        3261       0          0.587     
93         0.491      793        551        3281       0          0.590     
94         0.223      796        548        3142       0          0.592     
95         0.470      801        543        3358       0          0.596     
96         0.144      788        556        3008       0          0.586     
97         0.319      790        554        3096       0          0.588     
98         0.178      787        557        2834       0          0.586     
99         0.147      791        553        3092       0          0.589     
100        0.321      788        556        3124       0          0.586     
101        0.298      796        548        3060       0          0.592     
102        0.181      786        558        3063       0          0.585     
103        0.139      795        549        3030       0          0.592     
104        0.192      789        555        3106       0          0.587     
105        0.203      783        561        3122       0          0.583     
106        1.019      785        559        3145       0          0.584     
107        0.183      786        558        3379       0          0.585     
108        0.677      786        558        3305       0          0.585     
109        0.303      776        568        3126       0          0.577     
110        0.118      779        565        3168       0          0.580     
111        0.212      781        563        3187       0          0.581     
112        0.210      784        560        3147       0          0.583     
113        1.527      790        554        3238       0          0.588     
114        0.151      783        561        3051       0          0.583     
115        0.240      783        561        3078       0          0.583     
116        0.213      792        552        3009       0          0.589     
117        0.256      781        563        3095       0          0.581     
118        0.266      775        569        2980       0          0.577     
119        0.193      777        567        3103       0          0.578     
120        0.128      786        558        3285       0          0.585     
121        0.107      774        570        3146       0          0.576     
122        0.403      766        578        3100       0          0.570     
123        0.120      772        572        3077       0          0.574     
124        0.129      774        570        3049       0          0.576     
125        0.117      777        567        3087       0          0.578     
126        0.384      778        566        3048       0          0.579     
127        0.232      775        569        2985       0          0.577     
128        0.184      776        568        2990       0          0.577     
129        0.475      777        567        3002       0          0.578     
130        0.182      780        564        3372       0          0.580     
131        0.300      781        563        3198       0          0.581     
132        0.268      782        562        3273       0          0.582     
133        0.108      776        568        3135       0          0.577     
134        0.241      776        568        3063       0          0.577     
135        0.253      780        564        3154       0          0.580     
136        0.200      777        567        3150       0          0.578     
137        0.183      784        560        3143       0          0.583     
138        0.110      789        555        3216       0          0.587     
139        0.562      787        557        3071       0          0.586     
140        0.290      779        565        3038       0          0.580     
141        0.186      780        564        3039       0          0.580     
142        0.131      793        551        3106       0          0.590     
143        0.105      790        554        3035       0          0.588     
144        0.241      775        569        3025       0          0.577     
145        0.141      776        568        3090       0          0.577     
146        0.123      780        564        3106       0          0.580     
147        0.574      781        563        3086       0          0.581     
148        0.103      777        567        3009       0          0.578     
149        0.197      773        571        3025       0          0.575     
150        0.510      776        568        3196       0          0.577     
151        0.159      776        568        3164       0          0.577     
152        0.373      769        575        3068       0          0.572     
153        0.911      769        575        3046       0          0.572     
154        0.228      766        578        3096       0          0.570     
155        0.187      774        570        3133       0          0.576     
156        0.099      782        562        3022       0          0.582     
157        0.232      773        571        2973       0          0.575     
158        0.153      773        571        3051       0          0.575     
159        0.556      775        569        3127       0          0.577     
160        0.304      777        567        3111       0          0.578     
161        0.399      780        564        3104       0          0.580     
162        0.088      780        564        3000       0          0.580     
163        0.440      773        571        2970       0          0.575     
164        0.152      770        574        3036       0          0.573     
165        0.227      781        563        3156       0          0.581     
166        0.240      776        568        3161       0          0.577     
167        0.128      777        567        3038       0          0.578     
168        0.338      780        564        3012       0          0.580     
169        0.084      774        570        3013       0          0.576     
170        0.111      779        565        3097       0          0.580     
171        0.120      773        571        2993       0          0.575     
172        0.090      776        568        2916       0          0.577     
173        0.128      764        580        2933       0          0.568     
174        0.084      766        578        3041       0          0.570     
175        0.086      774        570        3187       0          0.576     
176        0.087      763        581        3175       0          0.568     
177        0.177      775        569        3068       0          0.577     
178        0.090      773        571        3207       0          0.575     
179        0.238      770        574        3016       0          0.573     
180        0.161      775        569        3139       0          0.577     
181        0.110      770        574        3221       0          0.573     
182        0.223      787        557        3215       0          0.586     
183        0.307      770        574        3168       0          0.573     
184        0.299      762        582        3184       0          0.567     
185        0.171      759        585        3018       0          0.565     
186        0.077      755        589        3019       0          0.562     
187        0.208      762        582        3225       0          0.567     
188        0.093      774        570        3209       0          0.576     
189        0.088      762        582        3136       0          0.567     
190        0.303      769        575        3180       0          0.572     
191        0.397      757        587        2943       0          0.563     
192        0.568      753        591        3018       0          0.560     
193        0.096      763        581        3120       0          0.568     
194        0.178      763        581        3124       0          0.568     
195        0.227      762        582        3134       0          0.567     
196        0.255      756        588        3085       0          0.562     
197        0.107      764        580        3102       0          0.568     
198        0.218      768        576        3222       0          0.571     
199        0.295      763        581        3147       0          0.568     
200        0.185      767        577        3157       0          0.571     
201        0.113      762        582        3255       0          0.567     
202        0.445      765        579        3093       0          0.569     
203        0.189      758        586        3120       0          0.564     
204        0.161      766        578        3197       0          0.570     
205        0.110      762        582        3065       0          0.567     
206        0.178      761        583        3012       0          0.566     
207        0.135      764        580        3096       0          0.568     
208        0.212      768        576        3190       0          0.571     
209        0.089      764        580        3222       0          0.568     
210        0.273      760        584        3176       0          0.565     
211        0.086      756        588        3180       0          0.562     
212        0.081      759        585        3119       0          0.565     
213        0.870      756        588        3000       0          0.562     
214        0.069      761        583        3025       0          0.566     
215        0.468      758        586        2936       0          0.564     
216        0.084      756        588        2966       0          0.562     
217        0.154      762        582        3037       0          0.567     
218        0.089      757        587        3053       0          0.563     
219        0.086      753        591        3097       0          0.560     
220        0.071      757        587        2942       0          0.563     
221        0.173      752        592        2921       0          0.560     
222        0.147      756        588        2985       0          0.562     
223        0.068      754        590        2928       0          0.561     
224        0.084      747        597        2864       0          0.556     
225        0.125      751        593        2999       0          0.559     
226        0.233      751        593        3047       0          0.559     
227        0.281      756        588        2925       0          0.562     
228        0.172      753        591        2983       0          0.560     
229        0.082      758        586        3036       0          0.564     
230        0.182      761        583        2977       0          0.566     
231        0.238      765        579        3098       0          0.569     
232        0.146      757        587        3025       0          0.563     
233        0.386      758        586        3028       0          0.564     
234        0.298      748        596        2904       0          0.557     
235        0.080      757        587        3156       0          0.563     
236        0.072      754        590        3100       0          0.561     
237        0.077      758        586        3174       0          0.564     
238        0.071      762        582        3064       0          0.567     
239        0.321      759        585        3091       0          0.565     
240        0.141      758        586        3097       0          0.564     
241        0.066      751        593        3114       0          0.559     
242        0.085      755        589        2964       0          0.562     
243        0.094      755        589        2947       0          0.562     
244        0.079      750        594        2912       0          0.558     
245        0.130      756        588        3085       0          0.562     
246        0.300      759        585        3067       0          0.565     
247        0.096      757        587        2856       0          0.563     
248        0.110      755        589        2886       0          0.562     
249        0.118      744        600        2712       0          0.554     
250        0.088      755        589        2806       0          0.562     
251        0.248      752        592        2989       0          0.560     
252        0.081      762        582        3076       0          0.567     
253        0.082      759        585        3042       0          0.565     
254        0.122      764        580        3041       0          0.568     
255        0.181      756        588        3013       0          0.562     
256        0.188      766        578        3048       0          0.570     
257        0.451      757        587        2990       0          0.563     
258        0.095      758        586        3016       0          0.564     
259        0.072      756        588        2976       0          0.562     
260        0.113      763        581        3128       0          0.568     
261        0.150      758        586        2971       0          0.564     
262        0.064      751        593        2869       0          0.559     
263        0.071      754        590        2852       0          0.561     
264        0.290      758        586        2995       0          0.564     
265        0.152      755        589        2903       0          0.562     
266        0.080      751        593        2917       0          0.559     
267        0.063      748        596        2893       0          0.557     
268        0.187      753        591        2929       0          0.560     
269        0.109      743        601        2824       0          0.553     
270        0.142      747        597        2817       0          0.556     
271        0.158      749        595        2917       0          0.557     
272        0.148      752        592        2866       0          0.560     
273        0.074      754        590        2827       0          0.561     
274        0.200      759        585        2902       0          0.565     
275        0.080      755        589        2861       0          0.562     
276        0.187      755        589        2893       0          0.562     
277        0.078      759        585        3038       0          0.565     
278        0.072      765        579        2982       0          0.569     
279        0.107      761        583        3028       0          0.566     
280        0.078      763        581        2989       0          0.568     
281        0.069      756        588        3102       0          0.562     
282        1.037      767        577        3097       0          0.571     
283        0.221      766        578        2987       0          0.570     
284        0.257      758        586        2985       0          0.564     
285        0.097      756        588        2967       0          0.562     
286        0.281      761        583        3007       0          0.566     
287        0.237      765        579        3117       0          0.569     
288        0.067      763        581        3064       0          0.568     
289        0.077      766        578        3000       0          0.570     
290        0.222      762        582        3135       0          0.567     
291        0.124      765        579        3085       0          0.569     
292        0.205      765        579        3065       0          0.569     
293        0.098      761        583        2917       0          0.566     
294        0.205      766        578        2814       0          0.570     
295        0.076      764        580        2991       0          0.568     
296        0.070      771        573        3045       0          0.574     
297        0.078      769        575        3029       0          0.572     
298        0.077      764        580        3065       0          0.568     
299        0.076      767        577        3064       0          0.571     
300        0.142      770        574        3180       0          0.573     
301        0.073      765        579        2932       0          0.569     
302        0.076      768        576        3087       0          0.571     
303        0.088      769        575        3028       0          0.572     
304        0.160      771        573        2998       0          0.574     
305        0.068      763        581        2982       0          0.568     
306        0.106      757        587        2930       0          0.563     
307        0.066      766        578        3005       0          0.570     
308        0.087      758        586        3000       0          0.564     
309        0.167      762        582        3017       0          0.567     
310        0.172      763        581        2958       0          0.568     
311        0.071      766        578        2995       0          0.570     
312        0.172      758        586        2927       0          0.564     
313        0.288      758        586        2939       0          0.564     
314        0.079      769        575        3123       0          0.572     
315        0.075      756        588        2982       0          0.562     
316        0.080      764        580        3115       0          0.568     
317        0.075      767        577        3079       0          0.571     
318        0.197      760        584        2947       0          0.565     
319        0.096      762        582        2928       0          0.567     
320        0.062      757        587        2988       0          0.563     
321        0.121      764        580        3116       0          0.568     
322        0.173      758        586        2971       0          0.564     
323        0.066      765        579        3072       0          0.569     
324        0.078      754        590        2953       0          0.561     
325        0.191      752        592        2966       0          0.560     
326        0.055      758        586        2943       0          0.564     
327        0.062      751        593        2882       0          0.559     
328        0.245      747        597        2867       0          0.556     
329        0.114      746        598        2876       0          0.555     
330        0.184      753        591        2977       0          0.560     
331        0.198      757        587        2927       0          0.563     
332        0.116      753        591        2911       0          0.560     
333        0.087      759        585        2955       0          0.565     
334        0.323      752        592        3010       0          0.560     
335        0.068      750        594        3005       0          0.558     
336        0.294      755        589        2962       0          0.562     
337        0.161      755        589        2949       0          0.562     
338        0.062      760        584        3077       0          0.565     
339        0.092      765        579        3174       0          0.569     
340        0.109      765        579        3065       0          0.569     
341        0.196      760        584        3034       0          0.565     
342        0.099      769        575        3080       0          0.572     
343        0.231      762        582        3060       0          0.567     
344        0.102      773        571        3108       0          0.575     
345        0.284      764        580        3002       0          0.568     
346        0.248      767        577        3105       0          0.571     
347        0.095      763        581        2918       0          0.568     
348        0.416      765        579        2952       0          0.569     
349        0.194      766        578        3014       0          0.570     
350        0.142      761        583        3072       0          0.566     
351        0.123      761        583        3017       0          0.566     
352        0.130      755        589        2926       0          0.562     
353        0.066      760        584        2936       0          0.565     
354        0.067      766        578        2955       0          0.570     
355        0.346      759        585        2967       0          0.565     
356        0.127      755        589        2956       0          0.562     
357        0.067      762        582        3059       0          0.567     
358        0.068      768        576        2958       0          0.571     
359        0.111      754        590        2881       0          0.561     
360        0.305      757        587        2888       0          0.563     
361        0.076      756        588        2878       0          0.562     
362        0.069      759        585        2946       0          0.565     
363        0.101      767        577        2905       0          0.571     
364        0.069      759        585        2956       0          0.565     
365        0.648      768        576        2896       0          0.571     
366        0.057      763        581        2910       0          0.568     
367        0.071      767        577        2837       0          0.571     
368        0.074      773        571        3048       0          0.575     
369        0.172      769        575        2950       0          0.572     
370        0.129      772        572        3036       0          0.574     
371        0.211      775        569        2919       0          0.577     
372        0.175      780        564        3003       0          0.580     
373        0.068      769        575        2867       0          0.572     
374        0.116      770        574        2838       0          0.573     
375        0.300      778        566        3042       0          0.579     
376        0.062      769        575        2950       0          0.572     
377        0.068      765        579        3035       0          0.569     
378        0.067      773        571        2942       0          0.575     
379        0.285      767        577        2961       0          0.571     
380        0.145      770        574        3050       0          0.573     
381        0.053      770        574        2882       0          0.573     
382        0.105      761        583        2842       0          0.566     
383        0.178      760        584        2750       0          0.565     
384        0.083      771        573        2875       0          0.574     
385        0.088      776        568        2950       0          0.577     
386        0.352      770        574        2957       0          0.573     
387        0.140      763        581        3062       0          0.568     
388        0.114      769        575        3041       0          0.572     
389        0.081      768        576        2847       0          0.571     
390        0.122      775        569        2774       0          0.577     
391        0.271      771        573        2910       0          0.574     
392        0.202      769        575        2959       0          0.572     
393        0.109      753        591        2926       0          0.560     
394        0.207      764        580        2935       0          0.568     
395        0.077      762        582        2881       0          0.567     
396        0.088      767        577        2983       0          0.571     
397        0.085      771        573        2930       0          0.574     
398        0.087      770        574        2996       0          0.573     
399        0.153      773        571        2845       0          0.575     
400        0.074      772        572        2985       0          0.574     
401        0.071      762        582        2799       0          0.567     
402        0.062      761        583        2775       0          0.566     
403        0.074      764        580        2840       0          0.568     
404        0.780      759        585        2910       0          0.565     
405        0.071      761        583        2877       0          0.566     
406        0.060      751        593        2831       0          0.559     
407        0.103      757        587        2852       0          0.563     
408        0.195      762        582        2769       0          0.567     
409        0.089      756        588        2851       0          0.562     
410        0.097      754        590        2747       0          0.561     
411        0.070      759        585        2844       0          0.565     
412        0.259      765        579        2829       0          0.569     
413        0.074      763        581        2845       0          0.568     
414        0.142      764        580        2824       0          0.568     
415        0.072      765        579        2873       0          0.569     
416        0.072      765        579        2913       0          0.569     
417        0.149      761        583        2768       0          0.566     
418        0.069      769        575        2746       0          0.572     
419        0.076      766        578        2718       0          0.570     
420        0.097      769        575        2903       0          0.572     
421        0.195      772        572        2856       0          0.574     
422        0.161      765        579        2662       0          0.569     
423        0.204      765        579        2712       0          0.569     
424        0.193      767        577        2806       0          0.571     
425        0.186      777        567        3014       0          0.578     
426        0.069      765        579        2780       0          0.569     
427        0.061      766        578        2737       0          0.570     
428        0.072      762        582        2744       0          0.567     
429        0.070      759        585        2676       0          0.565     
430        0.176      761        583        2889       0          0.566     
431        0.070      765        579        2776       0          0.569     
432        0.065      764        580        2702       0          0.568     
433        0.165      768        576        2780       0          0.571     
434        0.161      773        571        2864       0          0.575     
435        0.108      772        572        2858       0          0.574     
436        0.080      771        573        3005       0          0.574     
437        0.257      760        584        2804       0          0.565     
438        0.208      764        580        2700       0          0.568     
439        0.081      765        579        2881       0          0.569     
440        0.095      758        586        2863       0          0.564     
441        0.166      763        581        2772       0          0.568     
442        0.311      763        581        2739       0          0.568     
443        0.256      758        586        2762       0          0.564     
444        0.074      756        588        2831       0          0.562     
445        0.207      760        584        2766       0          0.565     
446        0.073      771        573        2896       0          0.574     
447        0.072      764        580        2816       0          0.568     
448        0.069      760        584        2766       0          0.565     
449        0.185      768        576        2943       0          0.571     
450        0.079      766        578        2814       0          0.570     
451        0.220      769        575        2809       0          0.572     
452        0.296      773        571        2831       0          0.575     
453        0.096      773        571        2872       0          0.575     
454        0.233      770        574        2913       0          0.573     
455        0.126      765        579        2824       0          0.569     
456        0.259      768        576        2878       0          0.571     
457        0.193      773        571        2897       0          0.575     
458        0.162      762        582        2846       0          0.567     
459        0.065      764        580        2864       0          0.568     
460        0.165      764        580        2909       0          0.568     
461        0.061      762        582        2829       0          0.567     
462        0.074      772        572        2862       0          0.574     
463        0.053      766        578        2890       0          0.570     
464        0.088      773        571        2877       0          0.575     
465        0.056      769        575        2882       0          0.572     
466        0.060      770        574        2770       0          0.573     
467        0.059      766        578        2795       0          0.570     
468        0.060      775        569        2805       0          0.577     
469        0.317      767        577        2796       0          0.571     
470        0.194      762        582        2788       0          0.567     
471        0.187      758        586        2761       0          0.564     
472        1.414      769        575        2824       0          0.572     
473        0.086      763        581        2834       0          0.568     
474        0.082      768        576        2823       0          0.571     
475        0.189      773        571        2805       0          0.575     
476        0.570      761        583        2852       0          0.566     
477        0.093      771        573        2812       0          0.574     
478        0.075      770        574        2760       0          0.573     
479        0.056      768        576        2808       0          0.571     
480        0.056      777        567        2840       0          0.578     
481        0.057      774        570        2819       0          0.576     
482        0.176      765        579        2835       0          0.569     
483        0.275      767        577        2790       0          0.571     
484        0.054      768        576        2899       0          0.571     
485        0.071      771        573        2858       0          0.574     
486        0.231      764        580        2880       0          0.568     
487        0.161      765        579        2755       0          0.569     
488        0.208      762        582        2753       0          0.567     
489        0.059      764        580        2809       0          0.568     
490        0.086      775        569        2843       0          0.577     
491        0.052      771        573        2792       0          0.574     
492        0.053      764        580        2817       0          0.568     
493        0.045      769        575        2765       0          0.572     
494        0.381      769        575        2791       0          0.572     
495        0.360      773        571        2816       0          0.575     
496        0.052      775        569        2937       0          0.577     
497        0.132      774        570        2872       0          0.576     
498        0.108      773        571        2859       0          0.575     
499        0.051      776        568        2863       0          0.577     
500        0.058      780        564        2893       0          0.580     
501        0.121      779        565        2896       0          0.580     
502        0.056      774        570        2857       0          0.576     
503        0.055      765        579        2802       0          0.569     
504        0.204      769        575        2795       0          0.572     
505        0.054      773        571        2827       0          0.575     
506        0.161      768        576        2841       0          0.571     
507        0.148      773        571        2819       0          0.575     
508        0.060      771        573        2812       0          0.574     
509        0.075      762        582        2839       0          0.567     
510        0.168      766        578        2893       0          0.570     
511        0.109      779        565        2954       0          0.580     
512        0.140      770        574        2757       0          0.573     
513        0.067      771        573        2771       0          0.574     
514        0.064      777        567        2917       0          0.578     
515        2.152      779        565        2813       0          0.580     
516        0.112      779        565        2851       0          0.580     
517        0.062      778        566        2933       0          0.579     
518        0.107      778        566        2965       0          0.579     
519        0.057      781        563        2803       0          0.581     
520        0.068      780        564        2812       0          0.580     
521        0.275      778        566        2895       0          0.579     
522        0.554      777        567        2776       0          0.578     
523        0.227      782        562        2799       0          0.582     
524        0.091      780        564        2815       0          0.580     
525        0.056      777        567        2778       0          0.578     
526        0.161      777        567        2823       0          0.578     
527        0.051      774        570        2738       0          0.576     
528        0.056      773        571        2784       0          0.575     
529        3.175      778        566        2780       0          0.579     
530        0.173      772        572        2708       0          0.574     
531        0.070      776        568        2761       0          0.577     
532        0.051      775        569        2765       0          0.577     
533        0.053      774        570        2884       0          0.576     
534        0.079      774        570        2806       0          0.576     
535        0.101      778        566        2952       0          0.579     
536        0.050      778        566        2945       0          0.579     
537        0.049      775        569        3003       0          0.577     
538        0.051      773        571        2927       0          0.575     
539        0.057      776        568        3054       0          0.577     
540        0.051      775        569        2995       0          0.577     
541        0.185      779        565        2997       0          0.580     
542        0.060      781        563        2912       0          0.581     
543        0.048      779        565        2868       0          0.580     
544        0.073      773        571        2892       0          0.575     
545        0.080      776        568        2806       0          0.577     
546        0.138      777        567        2924       0          0.578     
547        0.065      776        568        2835       0          0.577     
548        0.178      775        569        3007       0          0.577     
549        0.146      771        573        2879       0          0.574     
550        0.064      771        573        2786       0          0.574     
551        0.085      773        571        2721       0          0.575     
552        0.174      781        563        2920       0          0.581     
553        0.059      778        566        2824       0          0.579     
554        0.081      775        569        2909       0          0.577     
555        0.131      777        567        2826       0          0.578     
556        0.139      773        571        2866       0          0.575     
557        0.056      774        570        2855       0          0.576     
558        0.070      772        572        2833       0          0.574     
559        0.180      766        578        2821       0          0.570     
560        0.060      769        575        2789       0          0.572     
561        0.324      770        574        2803       0          0.573     
562        0.069      773        571        2848       0          0.575     
563        0.057      770        574        2801       0          0.573     
564        0.167      768        576        2765       0          0.571     
565        0.055      765        579        2764       0          0.569     
566        0.160      761        583        2759       0          0.566     
567        0.057      762        582        2840       0          0.567     
568        0.056      768        576        2816       0          0.571     
569        0.220      770        574        2692       0          0.573     
570        0.058      769        575        2695       0          0.572     
571        0.069      765        579        2762       0          0.569     
572        0.121      766        578        2741       0          0.570     
573        0.052      763        581        2777       0          0.568     
574        0.059      773        571        2801       0          0.575     
575        0.065      767        577        2733       0          0.571     
576        0.059      770        574        2769       0          0.573     
577        0.083      773        571        2706       0          0.575     
578        0.059      773        571        2761       0          0.575     
579        0.078      770        574        2786       0          0.573     
580        0.060      767        577        2772       0          0.571     
581        0.091      765        579        2909       0          0.569     
582        0.271      766        578        2910       0          0.570     
583        0.047      769        575        2796       0          0.572     
584        0.054      779        565        2936       0          0.580     
585        0.056      770        574        2866       0          0.573     
586        0.045      769        575        2876       0          0.572     
587        0.247      762        582        2726       0          0.567     
588        0.057      764        580        2765       0          0.568     
589        0.057      768        576        2893       0          0.571     
590        0.055      773        571        2804       0          0.575     
591        0.085      775        569        2795       0          0.577     
592        0.093      776        568        2811       0          0.577     
593        0.178      773        571        2856       0          0.575     
594        0.140      769        575        2865       0          0.572     
595        0.202      770        574        2949       0          0.573     
596        0.167      769        575        2853       0          0.572     
597        0.067      767        577        2880       0          0.571     
598        0.042      766        578        2879       0          0.570     
599        0.167      764        580        2909       0          0.568     
600        0.062      774        570        3080       0          0.576     
601        0.286      765        579        2859       0          0.569     
602        0.059      770        574        3074       0          0.573     
603        0.058      767        577        2989       0          0.571     
604        0.218      774        570        2990       0          0.576     
605        0.083      773        571        2974       0          0.575     
606        0.053      772        572        2945       0          0.574     
607        0.057      774        570        3167       0          0.576     
608        0.051      771        573        2991       0          0.574     
609        0.118      776        568        2923       0          0.577     
610        0.076      777        567        3012       0          0.578     
611        0.067      771        573        2860       0          0.574     
612        0.051      772        572        2976       0          0.574     
613        0.061      771        573        2977       0          0.574     
614        0.115      771        573        3000       0          0.574     
615        0.046      764        580        2898       0          0.568     
616        0.305      769        575        3002       0          0.572     
617        0.203      769        575        2961       0          0.572     
618        0.078      768        576        2969       0          0.571     
619        0.053      766        578        2908       0          0.570     
620        0.049      767        577        2831       0          0.571     
621        0.051      771        573        3034       0          0.574     
622        0.100      767        577        2870       0          0.571     
623        0.047      771        573        2936       0          0.574     
624        0.064      770        574        2844       0          0.573     
625        0.055      766        578        2790       0          0.570     
626        0.138      767        577        2803       0          0.571     
627        0.046      769        575        2889       0          0.572     
628        0.043      757        587        2702       0          0.563     
629        0.039      765        579        2759       0          0.569     
630        0.048      772        572        2884       0          0.574     
631        0.056      768        576        2777       0          0.571     
632        0.048      762        582        2764       0          0.567     
633        0.045      759        585        2736       0          0.565     
634        0.042      765        579        2775       0          0.569     
635        0.040      763        581        2715       0          0.568     
636        0.096      764        580        2721       0          0.568     
637        0.057      767        577        2697       0          0.571     
638        0.146      773        571        2725       0          0.575     
639        0.056      774        570        2723       0          0.576     
640        0.050      779        565        2848       0          0.580     
641        0.313      774        570        2721       0          0.576     
642        0.052      777        567        2814       0          0.578     
643        1.101      783        561        2945       0          0.583     
644        0.116      778        566        2912       0          0.579     
645        0.129      775        569        2842       0          0.577     
646        0.132      783        561        2884       0          0.583     
647        0.053      780        564        2900       0          0.580     
648        0.057      775        569        2860       0          0.577     
649        0.074      779        565        2888       0          0.580     
650        0.047      778        566        2871       0          0.579     
651        0.129      780        564        2794       0          0.580     
652        0.066      773        571        2791       0          0.575     
653        0.413      777        567        2769       0          0.578     
654        0.087      778        566        2731       0          0.579     
655        0.046      777        567        2766       0          0.578     
656        0.054      781        563        2865       0          0.581     
657        0.048      779        565        2839       0          0.580     
658        0.046      782        562        2877       0          0.582     
659        0.081      776        568        2813       0          0.577     
660        0.088      774        570        2723       0          0.576     
661        0.259      778        566        2774       0          0.579     
662        1.176      772        572        2716       0          0.574     
663        0.179      779        565        2767       0          0.580     
664        0.047      776        568        2722       0          0.577     
665        0.047      775        569        2711       0          0.577     
666        0.040      771        573        2629       0          0.574     
667        0.160      771        573        2587       0          0.574     
668        0.112      777        567        2698       0          0.578     
669        0.426      774        570        2693       0          0.576     
670        0.051      775        569        2635       0          0.577     
671        0.130      776        568        2651       0          0.577     
672        0.123      772        572        2678       0          0.574     
673        0.062      768        576        2635       0          0.571     
674        0.087      773        571        2665       0          0.575     
675        0.107      772        572        2680       0          0.574     
676        0.374      776        568        2676       0          0.577     
677        0.057      770        574        2718       0          0.573     
678        0.048      781        563        2779       0          0.581     
679        0.058      772        572        2711       0          0.574     
680        0.042      781        563        2772       0          0.581     
681        0.043      770        574        2701       0          0.573     
682        0.115      775        569        2703       0          0.577     
683        0.061      771        573        2650       0          0.574     
684        0.041      779        565        2729       0          0.580     
685        0.046      777        567        2689       0          0.578     
686        0.039      781        563        2705       0          0.581     
687        0.051      783        561        2674       0          0.583     
688        0.088      782        562        2600       0          0.582     
689        0.159      783        561        2666       0          0.583     
690        0.044      779        565        2622       0          0.580     
691        0.425      783        561        2719       0          0.583     
692        0.058      779        565        2681       0          0.580     
693        0.126      780        564        2699       0          0.580     
694        0.048      775        569        2664       0          0.577     
695        0.078      775        569        2639       0          0.577     
696        0.142      781        563        2665       0          0.581     
697        0.151      778        566        2579       0          0.579     
698        0.052      781        563        2739       0          0.581     
699        0.176      776        568        2626       0          0.577     
700        0.041      779        565        2651       0          0.580     
701        0.185      774        570        2687       0          0.576     
702        0.047      774        570        2639       0          0.576     
703        0.134      783        561        2712       0          0.583     
704        0.304      779        565        2741       0          0.580     
705        0.061      777        567        2713       0          0.578     
706        0.077      782        562        2765       0          0.582     
707        0.117      779        565        2700       0          0.580     
708        0.337      781        563        2696       0          0.581     
709        0.065      779        565        2642       0          0.580     
710        0.045      774        570        2639       0          0.576     
711        0.191      781        563        2657       0          0.581     
712        0.067      779        565        2637       0          0.580     
713        0.319      780        564        2676       0          0.580     
714        1.352      780        564        2618       0          0.580     
715        0.147      782        562        2683       0          0.582     
716        0.105      779        565        2751       0          0.580     
717        0.052      780        564        2755       0          0.580     
718        0.052      773        571        2692       0          0.575     
719        0.054      776        568        2727       0          0.577     
720        0.251      774        570        2723       0          0.576     
721        0.046      771        573        2678       0          0.574     
722        0.052      774        570        2684       0          0.576     
723        0.051      783        561        2666       0          0.583     
724        0.103      778        566        2692       0          0.579     
725        0.058      775        569        2807       0          0.577     
726        0.285      777        567        2775       0          0.578     
727        0.080      783        561        2831       0          0.583     
728        0.130      785        559        2726       0          0.584     
729        0.055      781        563        2735       0          0.581     
730        0.049      774        570        2707       0          0.576     
731        0.074      773        571        2682       0          0.575     
732        0.068      772        572        2685       0          0.574     
733        0.060      772        572        2711       0          0.574     
734        0.045      774        570        2734       0          0.576     
735        0.055      779        565        2673       0          0.580     
736        0.059      777        567        2752       0          0.578     
737        0.201      774        570        2766       0          0.576     
738        0.042      775        569        2811       0          0.577     
739        0.088      770        574        2771       0          0.573     
740        0.055      770        574        2805       0          0.573     
741        0.067      773        571        2731       0          0.575     
742        0.072      769        575        2717       0          0.572     
743        0.061      771        573        2746       0          0.574     
744        0.050      769        575        2897       0          0.572     
745        0.156      768        576        2932       0          0.571     
746        0.082      766        578        2827       0          0.570     
747        0.127      769        575        2894       0          0.572     
748        0.167      762        582        2842       0          0.567     
749        0.058      764        580        2851       0          0.568     
750        0.247      765        579        2831       0          0.569     
751        0.190      770        574        2718       0          0.573     
752        0.043      763        581        2784       0          0.568     
753        0.047      762        582        2748       0          0.567     
754        0.064      765        579        2724       0          0.569     
755        0.063      768        576        2743       0          0.571     
756        0.076      770        574        2698       0          0.573     
757        0.135      764        580        2712       0          0.568     
758        0.040      764        580        2696       0          0.568     
759        0.043      765        579        2678       0          0.569     
760        0.725      770        574        2693       0          0.573     
761        0.130      765        579        2667       0          0.569     
762        0.044      765        579        2638       0          0.569     
763        0.162      761        583        2606       0          0.566     
764        0.044      762        582        2649       0          0.567     
765        0.039      761        583        2651       0          0.566     
766        0.135      758        586        2624       0          0.564     
767        0.051      759        585        2594       0          0.565     
768        0.046      765        579        2696       0          0.569     
769        0.040      766        578        2658       0          0.570     
770        0.078      771        573        2673       0          0.574     
771        0.131      766        578        2708       0          0.570     
772        0.063      771        573        2616       0          0.574     
773        0.162      765        579        2668       0          0.569     
774        0.040      772        572        2651       0          0.574     
775        0.054      778        566        2694       0          0.579     
776        0.047      776        568        2757       0          0.577     
777        0.045      772        572        2759       0          0.574     
778        0.078      770        574        2758       0          0.573     
779        0.037      772        572        2774       0          0.574     
780        0.323      767        577        2749       0          0.571     
781        0.046      768        576        2735       0          0.571     
782        0.038      765        579        2715       0          0.569     
783        0.047      769        575        2706       0          0.572     
784        0.068      771        573        2759       0          0.574     
785        0.039      770        574        2758       0          0.573     
786        0.166      778        566        2826       0          0.579     
787        0.795      777        567        2740       0          0.578     
788        0.041      777        567        2751       0          0.578     
789        0.151      774        570        2819       0          0.576     
790        0.042      773        571        2798       0          0.575     
791        0.059      774        570        2804       0          0.576     
792        0.087      769        575        2806       0          0.572     
793        0.049      779        565        2930       0          0.580     
794        0.052      762        582        2767       0          0.567     
795        0.157      767        577        2700       0          0.571     
796        0.046      767        577        2830       0          0.571     
797        0.058      768        576        2804       0          0.571     
798        0.041      765        579        2710       0          0.569     
799        0.043      764        580        2695       0          0.568     
800        0.038      765        579        2746       0          0.569     
801        0.171      760        584        2707       0          0.565     
802        0.079      766        578        2797       0          0.570     
803        0.082      765        579        2682       0          0.569     
804        0.055      764        580        2726       0          0.568     
805        0.107      762        582        2674       0          0.567     
806        0.146      766        578        2704       0          0.570     
807        0.142      764        580        2743       0          0.568     
808        0.044      772        572        2786       0          0.574     
809        0.060      766        578        2760       0          0.570     
810        0.197      768        576        2754       0          0.571     
811        0.072      765        579        2789       0          0.569     
812        0.096      757        587        2673       0          0.563     
813        0.074      757        587        2718       0          0.563     
814        0.052      762        582        2758       0          0.567     
815        0.246      764        580        2731       0          0.568     
816        0.049      765        579        2737       0          0.569     
817        0.200      768        576        2768       0          0.571     
818        0.293      774        570        2894       0          0.576     
819        0.082      775        569        2906       0          0.577     
820        0.046      773        571        2873       0          0.575     
821        0.045      767        577        2902       0          0.571     
822        0.084      771        573        2921       0          0.574     
823        0.159      770        574        2859       0          0.573     
824        0.040      776        568        2886       0          0.577     
825        0.059      765        579        2844       0          0.569     
826        0.042      768        576        2823       0          0.571     
827        0.359      770        574        2770       0          0.573     
828        0.043      763        581        2795       0          0.568     
829        0.050      761        583        2775       0          0.566     
830        0.050      768        576        2747       0          0.571     
831        0.144      776        568        2855       0          0.577     
832        0.070      776        568        2940       0          0.577     
833        0.051      779        565        2884       0          0.580     
834        0.047      773        571        2898       0          0.575     
835        0.105      771        573        2851       0          0.574     
836        0.091      773        571        2910       0          0.575     
837        0.162      768        576        2827       0          0.571     
838        0.070      773        571        2843       0          0.575     
839        0.050      771        573        2815       0          0.574     
840        0.056      768        576        2797       0          0.571     
841        0.050      768        576        2823       0          0.571     
842        0.048      763        581        2799       0          0.568     
843        0.053      763        581        2816       0          0.568     
844        0.132      762        582        2784       0          0.567     
845        0.186      762        582        2750       0          0.567     
846        0.107      762        582        2723       0          0.567     
847        0.043      761        583        2709       0          0.566     
848        0.043      767        577        2735       0          0.571     
849        0.034      767        577        2775       0          0.571     
850        0.032      767        577        2727       0          0.571     
851        0.108      764        580        2724       0          0.568     
852        0.038      766        578        2704       0          0.570     
853        0.088      768        576        2736       0          0.571     
854        0.049      772        572        2758       0          0.574     
855        0.094      766        578        2750       0          0.570     
856        0.061      772        572        2857       0          0.574     
857        0.090      768        576        2791       0          0.571     
858        0.044      765        579        2777       0          0.569     
859        0.118      762        582        2713       0          0.567     
860        0.088      774        570        2797       0          0.576     
861        0.121      770        574        2825       0          0.573     
862        0.052      761        583        2751       0          0.566     
863        0.290      765        579        2791       0          0.569     
864        0.079      768        576        2736       0          0.571     
865        0.041      765        579        2707       0          0.569     
866        0.058      767        577        2738       0          0.571     
867        0.055      765        579        2736       0          0.569     
868        0.049      762        582        2706       0          0.567     
869        0.170      769        575        2726       0          0.572     
870        0.055      769        575        2781       0          0.572     
871        0.181      760        584        2748       0          0.565     
872        0.123      763        581        2738       0          0.568     
873        0.047      763        581        2720       0          0.568     
874        0.221      768        576        2769       0          0.571     
875        0.058      758        586        2703       0          0.564     
876        0.038      761        583        2758       0          0.566     
877        0.060      763        581        2735       0          0.568     
878        0.037      762        582        2740       0          0.567     
879        0.303      756        588        2704       0          0.562     
880        0.045      766        578        2710       0          0.570     
881        0.049      765        579        2703       0          0.569     
882        0.079      762        582        2678       0          0.567     
883        0.106      765        579        2667       0          0.569     
884        0.049      764        580        2699       0          0.568     
885        0.049      766        578        2715       0          0.570     
886        0.073      765        579        2686       0          0.569     
887        0.115      764        580        2671       0          0.568     
888        0.048      763        581        2715       0          0.568     
889        0.171      768        576        2706       0          0.571     
890        0.049      770        574        2659       0          0.573     
891        0.058      763        581        2722       0          0.568     
892        0.048      766        578        2670       0          0.570     
893        0.215      762        582        2628       0          0.567     
894        0.039      757        587        2608       0          0.563     
895        0.691      760        584        2626       0          0.565     
896        0.136      763        581        2664       0          0.568     
897        0.065      765        579        2702       0          0.569     
898        0.109      759        585        2778       0          0.565     
899        0.091      761        583        2685       0          0.566     
900        0.052      762        582        2671       0          0.567     
901        0.094      761        583        2648       0          0.566     
902        0.052      769        575        2734       0          0.572     
903        0.134      766        578        2664       0          0.570     
904        0.044      769        575        2702       0          0.572     
905        0.046      761        583        2733       0          0.566     
906        1.036      759        585        2656       0          0.565     
907        0.049      756        588        2673       0          0.562     
908        0.279      758        586        2701       0          0.564     
909        0.046      760        584        2787       0          0.565     
910        0.040      754        590        2749       0          0.561     
911        0.059      760        584        2687       0          0.565     
912        0.065      761        583        2761       0          0.566     
913        0.055      764        580        2783       0          0.568     
914        0.058      753        591        2628       0          0.560     
915        0.049      751        593        2628       0          0.559     
916        0.241      758        586        2653       0          0.564     
917        0.082      758        586        2625       0          0.564     
918        0.162      755        589        2601       0          0.562     
919        0.046      755        589        2598       0          0.562     
920        0.041      756        588        2639       0          0.562     
921        0.043      756        588        2680       0          0.562     
922        0.089      762        582        2693       0          0.567     
923        0.109      762        582        2690       0          0.567     
924        0.049      760        584        2661       0          0.565     
925        0.067      755        589        2655       0          0.562     
926        0.051      758        586        2711       0          0.564     
927        0.066      765        579        2797       0          0.569     
928        0.087      762        582        2715       0          0.567     
929        0.081      762        582        2831       0          0.567     
930        0.059      764        580        2878       0          0.568     
931        0.045      765        579        2963       0          0.569     
932        0.171      762        582        2896       0          0.567     
933        0.479      768        576        2846       0          0.571     
934        0.036      766        578        2783       0          0.570     
935        0.200      768        576        2913       0          0.571     
936        0.112      755        589        2709       0          0.562     
937        0.058      765        579        2746       0          0.569     
938        0.038      770        574        2763       0          0.573     
939        0.037      762        582        2741       0          0.567     
940        0.047      763        581        2765       0          0.568     
941        0.113      763        581        2756       0          0.568     
942        0.029      761        583        2736       0          0.566     
943        0.038      759        585        2740       0          0.565     
944        0.074      759        585        2739       0          0.565     
945        0.090      761        583        2729       0          0.566     
946        0.370      765        579        2736       0          0.569     
947        0.043      762        582        2712       0          0.567     
948        0.043      763        581        2777       0          0.568     
949        0.033      761        583        2771       0          0.566     
950        0.036      759        585        2718       0          0.565     
951        0.239      761        583        2794       0          0.566     
952        0.041      757        587        2722       0          0.563     
953        0.044      765        579        2723       0          0.569     
954        0.094      760        584        2705       0          0.565     
955        0.032      764        580        2788       0          0.568     
956        0.164      763        581        2783       0          0.568     
957        0.167      760        584        2809       0          0.565     
958        0.047      761        583        2815       0          0.566     
959        0.155      756        588        2678       0          0.562     
960        0.160      766        578        2781       0          0.570     
961        0.092      758        586        2751       0          0.564     
962        0.079      764        580        2726       0          0.568     
963        0.042      762        582        2773       0          0.567     
964        0.127      759        585        2819       0          0.565     
965        0.052      762        582        2862       0          0.567     
966        0.226      769        575        2897       0          0.572     
967        0.064      763        581        2770       0          0.568     
968        0.048      763        581        2714       0          0.568     
969        0.038      761        583        2769       0          0.566     
970        0.143      754        590        2618       0          0.561     
971        0.033      756        588        2647       0          0.562     
972        0.031      754        590        2688       0          0.561     
973        0.049      754        590        2660       0          0.561     
974        0.073      757        587        2741       0          0.563     
975        0.121      764        580        2800       0          0.568     
976        0.045      759        585        2730       0          0.565     
977        0.341      759        585        2712       0          0.565     
978        0.036      754        590        2606       0          0.561     
979        0.048      753        591        2663       0          0.560     
980        0.050      758        586        2686       0          0.564     
981        0.037      749        595        2601       0          0.557     
982        0.045      753        591        2632       0          0.560     
983        0.142      758        586        2671       0          0.564     
984        0.058      759        585        2712       0          0.565     
985        0.050      760        584        2788       0          0.565     
986        0.037      758        586        2755       0          0.564     
987        0.044      755        589        2768       0          0.562     
988        0.036      750        594        2711       0          0.558     
989        0.040      759        585        2949       0          0.565     
990        0.324      762        582        2730       0          0.567     
991        0.050      762        582        2803       0          0.567     
992        0.047      759        585        2708       0          0.565     
993        0.040      756        588        2735       0          0.562     
994        0.191      758        586        2703       0          0.564     
995        0.034      754        590        2746       0          0.561     
996        0.046      754        590        2700       0          0.561     
997        0.040      754        590        2627       0          0.561     
998        0.035      759        585        2616       0          0.565     
999        0.038      756        588        2632       0          0.562     
1000       0.039      758        586        2624       0          0.564     

Correct    832
Incorrect  512
Baseline   0.013     
Accuracy   0.619     

Model: /home/jupyter-nlp/Skripsi Daniel/NER Dataset/NER Model/Gold-standard Model/1000-03-106
Training data: /home/jupyter-nlp/Skripsi Daniel/NER Dataset/NER Model/Gold-standard Model/1000-03-106/training.jsonl
Evaluation data: /home/jupyter-nlp/Skripsi Daniel/NER Dataset/NER Model/Gold-standard Model/1000-03-106/evaluation.jsonl


real    506m34.831s
user    1490m23.662s
sys     1173m55.361s


Dataset            ner_id_train_1_dev
  Created            2019-06-02 12:33:48
  Description        None
  Author             Daniel_Chrisna_Danuega
  Annotations        2580
  Accept             2554
  Reject             3
  Ignore             23