
time prodigy ner.batch-train ner_id_train_1 id_ud-tag-dep-ner-1.0.0/ --output NER\ Model/Pre-trained\ Model/1000-03-97/ --n-iter 1000 --dropout 0.3 --batch-size 97


Loaded model id_ud-tag-dep-ner-1.0.0/
Using 20% of accept/reject examples (400) for evaluation
Using 100% of remaining examples (1746) for training
Dropout: 0.3  Batch size: 97  Iterations: 1000  


BEFORE     0.012     
Correct    [38;5;77m13[0m
Incorrect  [38;5;197m1031[0m
Entities   3946      
Unknown    3933      

         
#          LOSS       RIGHT      WRONG      ENTS       SKIP       ACCURACY  
01         2.370      145        899        406        0          0.139     
02         1.756      277        767        681        0          0.265     
03         1.559      353        691        959        0          0.338     
04         1.468      390        654        1351       0          0.374     
05         1.282      422        622        1083       0          0.404     
06         1.221      465        579        1064       0          0.445     
07         1.235      484        560        1122       0          0.464     
08         1.184      513        531        1650       0          0.491     
09         1.097      526        518        1931       0          0.504     
10         1.127      544        500        1211       0          0.521     
11         1.083      553        491        1342       0          0.530     
12         1.024      556        488        1387       0          0.533     
13         0.936      561        483        1514       0          0.537     
14         0.853      568        476        1468       0          0.544     
15         0.756      570        474        1777       0          0.546     
16         0.682      584        460        1795       0          0.559     
17         0.621      583        461        1885       0          0.558     
18         0.592      591        453        1924       0          0.566     
19         0.575      584        460        2047       0          0.559     
20         0.538      590        454        2140       0          0.565     
21         0.509      597        447        2169       0          0.572     
22         0.494      595        449        2277       0          0.570     
23         0.483      595        449        2240       0          0.570     
24         0.432      594        450        2359       0          0.569     
25         0.412      598        446        2190       0          0.573     
26         0.408      594        450        2197       0          0.569     
27         0.391      594        450        2286       0          0.569     
28         0.384      591        453        2344       0          0.566     
29         0.352      590        454        2280       0          0.565     
30         0.317      585        459        2320       0          0.560     
31         0.323      587        457        2358       0          0.562     
32         0.311      592        452        2474       0          0.567     
33         0.290      595        449        2477       0          0.570     
34         0.284      596        448        2341       0          0.571     
35         0.271      590        454        2440       0          0.565     
36         0.256      589        455        2499       0          0.564     
37         0.266      595        449        2445       0          0.570     
38         0.248      596        448        2405       0          0.571     
39         0.241      595        449        2387       0          0.570     
40         0.233      586        458        2386       0          0.561     
41         0.231      592        452        2367       0          0.567     
42         0.210      590        454        2339       0          0.565     
43         0.212      597        447        2393       0          0.572     
44         0.200      594        450        2331       0          0.569     
45         0.196      589        455        2311       0          0.564     
46         0.188      592        452        2334       0          0.567     
47         0.180      585        459        2275       0          0.560     
48         0.185      586        458        2264       0          0.561     
49         0.185      591        453        2294       0          0.566     
50         0.179      588        456        2332       0          0.563     
51         0.176      588        456        2319       0          0.563     
52         0.164      589        455        2361       0          0.564     
53         0.164      590        454        2331       0          0.565     
54         0.161      594        450        2265       0          0.569     
55         0.175      599        445        2299       0          0.574     
56         0.159      599        445        2375       0          0.574     
57         0.140      597        447        2311       0          0.572     
58         0.138      591        453        2237       0          0.566     
59         0.144      597        447        2244       0          0.572     
60         0.145      600        444        2305       0          0.575     
61         0.135      600        444        2367       0          0.575     
62         0.128      596        448        2317       0          0.571     
63         0.123      599        445        2334       0          0.574     
64         0.128      600        444        2378       0          0.575     
65         0.121      598        446        2298       0          0.573     
66         0.114      599        445        2287       0          0.574     
67         0.114      596        448        2236       0          0.571     
68         0.122      595        449        2250       0          0.570     
69         0.123      593        451        2267       0          0.568     
70         0.118      596        448        2348       0          0.571     
71         0.110      596        448        2371       0          0.571     
72         0.106      601        443        2456       0          0.576     
73         0.113      601        443        2430       0          0.576     
74         0.119      602        442        2295       0          0.577     
75         0.120      600        444        2335       0          0.575     
76         0.111      600        444        2407       0          0.575     
77         0.093      595        449        2504       0          0.570     
78         0.099      602        442        2505       0          0.577     
79         0.093      593        451        2510       0          0.568     
80         0.092      586        458        2473       0          0.561     
81         0.095      596        448        2461       0          0.571     
82         0.103      591        453        2358       0          0.566     
83         0.109      598        446        2506       0          0.573     
84         0.101      595        449        2560       0          0.570     
85         0.099      593        451        2533       0          0.568     
86         0.096      591        453        2542       0          0.566     
87         0.099      593        451        2462       0          0.568     
88         0.091      597        447        2429       0          0.572     
89         0.091      589        455        2395       0          0.564     
90         0.094      596        448        2398       0          0.571     
91         0.090      598        446        2388       0          0.573     
92         0.088      595        449        2416       0          0.570     
93         0.095      594        450        2526       0          0.569     
94         0.098      595        449        2472       0          0.570     
95         0.105      594        450        2603       0          0.569     
96         0.097      594        450        2443       0          0.569     
97         0.103      597        447        2510       0          0.572     
98         0.100      592        452        2510       0          0.567     
99         0.087      597        447        2515       0          0.572     
100        0.092      597        447        2581       0          0.572     
101        0.103      592        452        2485       0          0.567     
102        0.099      591        453        2451       0          0.566     
103        0.090      588        456        2431       0          0.563     
104        0.088      590        454        2417       0          0.565     
105        0.090      590        454        2530       0          0.565     
106        0.090      593        451        2427       0          0.568     
107        0.086      597        447        2471       0          0.572     
108        0.085      599        445        2478       0          0.574     
109        0.092      598        446        2458       0          0.573     
110        0.082      598        446        2475       0          0.573     
111        0.083      601        443        2537       0          0.576     
112        0.074      597        447        2554       0          0.572     
113        0.081      598        446        2617       0          0.573     
114        0.077      603        441        2511       0          0.578     
115        0.073      591        453        2438       0          0.566     
116        0.078      601        443        2506       0          0.576     
117        0.073      593        451        2462       0          0.568     
118        0.081      597        447        2456       0          0.572     
119        0.077      599        445        2456       0          0.574     
120        0.077      598        446        2373       0          0.573     
121        0.078      591        453        2336       0          0.566     
122        0.076      591        453        2377       0          0.566     
123        0.075      592        452        2421       0          0.567     
124        0.069      599        445        2452       0          0.574     
125        0.070      597        447        2393       0          0.572     
126        0.071      592        452        2338       0          0.567     
127        0.072      596        448        2426       0          0.571     
128        0.078      597        447        2387       0          0.572     
129        0.086      597        447        2490       0          0.572     
130        0.077      601        443        2577       0          0.576     
131        0.073      599        445        2446       0          0.574     
132        0.067      592        452        2379       0          0.567     
133        0.076      595        449        2431       0          0.570     
134        0.069      596        448        2421       0          0.571     
135        0.081      592        452        2472       0          0.567     
136        0.069      599        445        2465       0          0.574     
137        0.069      603        441        2549       0          0.578     
138        0.069      602        442        2609       0          0.577     
139        0.066      595        449        2502       0          0.570     
140        0.079      603        441        2602       0          0.578     
141        0.066      607        437        2532       0          0.581     
142        0.073      595        449        2459       0          0.570     
143        0.059      600        444        2486       0          0.575     
144        0.061      596        448        2530       0          0.571     
145        0.059      588        456        2434       0          0.563     
146        0.067      591        453        2427       0          0.566     
147        0.070      593        451        2451       0          0.568     
148        0.067      590        454        2494       0          0.565     
149        0.070      589        455        2502       0          0.564     
150        0.066      591        453        2460       0          0.566     
151        0.069      589        455        2561       0          0.564     
152        0.065      585        459        2378       0          0.560     
153        0.059      588        456        2324       0          0.563     
154        0.064      591        453        2303       0          0.566     
155        0.054      590        454        2300       0          0.565     
156        0.062      595        449        2470       0          0.570     
157        0.060      581        463        2301       0          0.557     
158        0.065      585        459        2365       0          0.560     
159        0.064      587        457        2417       0          0.562     
160        0.072      592        452        2409       0          0.567     
161        0.063      592        452        2380       0          0.567     
162        0.059      590        454        2336       0          0.565     
163        0.057      593        451        2496       0          0.568     
164        0.063      600        444        2494       0          0.575     
165        0.060      598        446        2460       0          0.573     
166        0.053      588        456        2234       0          0.563     
167        0.055      590        454        2387       0          0.565     
168        0.076      586        458        2384       0          0.561     
169        0.062      591        453        2373       0          0.566     
170        0.055      582        462        2401       0          0.557     
171        0.059      580        464        2313       0          0.556     
172        0.066      590        454        2394       0          0.565     
173        0.065      585        459        2306       0          0.560     
174        0.068      586        458        2419       0          0.561     
175        0.056      590        454        2393       0          0.565     
176        0.062      585        459        2394       0          0.560     
177        0.068      593        451        2420       0          0.568     
178        0.073      595        449        2510       0          0.570     
179        0.064      591        453        2602       0          0.566     
180        0.061      598        446        2519       0          0.573     
181        0.054      595        449        2507       0          0.570     
182        0.056      595        449        2480       0          0.570     
183        0.057      585        459        2371       0          0.560     
184        0.062      593        451        2502       0          0.568     
185        0.069      592        452        2447       0          0.567     
186        0.061      596        448        2543       0          0.571     
187        0.062      588        456        2387       0          0.563     
188        0.057      587        457        2447       0          0.562     
189        0.064      588        456        2445       0          0.563     
190        0.051      590        454        2427       0          0.565     
191        0.061      585        459        2353       0          0.560     
192        0.059      590        454        2334       0          0.565     
193        0.054      592        452        2295       0          0.567     
194        0.049      586        458        2387       0          0.561     
195        0.054      590        454        2475       0          0.565     
196        0.066      582        462        2461       0          0.557     
197        0.053      591        453        2396       0          0.566     
198        0.051      585        459        2416       0          0.560     
199        0.058      587        457        2335       0          0.562     
200        0.058      590        454        2363       0          0.565     
201        0.054      589        455        2408       0          0.564     
202        0.047      587        457        2396       0          0.562     
203        0.046      586        458        2362       0          0.561     
204        0.055      586        458        2462       0          0.561     
205        0.051      579        465        2562       0          0.555     
206        0.056      588        456        2600       0          0.563     
207        0.058      581        463        2505       0          0.557     
208        0.053      585        459        2543       0          0.560     
209        0.047      583        461        2536       0          0.558     
210        0.056      590        454        2585       0          0.565     
211        0.054      583        461        2599       0          0.558     
212        0.047      580        464        2571       0          0.556     
213        0.056      585        459        2480       0          0.560     
214        0.051      584        460        2463       0          0.559     
215        0.049      582        462        2517       0          0.557     
216        0.053      584        460        2469       0          0.559     
217        0.055      583        461        2515       0          0.558     
218        0.048      576        468        2407       0          0.552     
219        0.059      576        468        2497       0          0.552     
220        0.048      580        464        2451       0          0.556     
221        0.045      576        468        2540       0          0.552     
222        0.048      579        465        2436       0          0.555     
223        0.049      573        471        2376       0          0.549     
224        0.049      572        472        2349       0          0.548     
225        0.048      576        468        2498       0          0.552     
226        0.052      574        470        2526       0          0.550     
227        0.055      576        468        2534       0          0.552     
228        0.055      570        474        2420       0          0.546     
229        0.054      578        466        2538       0          0.554     
230        0.046      573        471        2434       0          0.549     
231        0.058      579        465        2560       0          0.555     
232        0.059      579        465        2398       0          0.555     
233        0.050      582        462        2443       0          0.557     
234        0.049      580        464        2396       0          0.556     
235        0.047      579        465        2389       0          0.555     
236        0.050      572        472        2266       0          0.548     
237        0.048      583        461        2349       0          0.558     
238        0.040      578        466        2365       0          0.554     
239        0.044      576        468        2216       0          0.552     
240        0.039      573        471        2195       0          0.549     
241        0.042      581        463        2511       0          0.557     
242        0.043      579        465        2470       0          0.555     
243        0.054      579        465        2425       0          0.555     
244        0.047      580        464        2525       0          0.556     
245        0.042      571        473        2358       0          0.547     
246        0.046      576        468        2446       0          0.552     
247        0.038      571        473        2424       0          0.547     
248        0.040      577        467        2455       0          0.553     
249        0.044      570        474        2265       0          0.546     
250        0.043      579        465        2477       0          0.555     
251        0.045      578        466        2375       0          0.554     
252        0.044      578        466        2416       0          0.554     
253        0.034      582        462        2397       0          0.557     
254        0.045      582        462        2426       0          0.557     
255        0.052      579        465        2353       0          0.555     
256        0.056      585        459        2436       0          0.560     
257        0.059      588        456        2441       0          0.563     
258        0.047      576        468        2249       0          0.552     
259        0.046      594        450        2593       0          0.569     
260        0.048      589        455        2368       0          0.564     
261        0.045      580        464        2254       0          0.556     
262        0.069      579        465        2258       0          0.555     
263        0.062      588        456        2518       0          0.563     
264        0.053      582        462        2496       0          0.557     
265        0.054      580        464        2338       0          0.556     
266        0.050      582        462        2417       0          0.557     
267        0.062      584        460        2500       0          0.559     
268        0.063      584        460        2479       0          0.559     
269        0.060      588        456        2554       0          0.563     
270        0.054      596        448        2606       0          0.571     
271        0.043      589        455        2493       0          0.564     
272        0.063      588        456        2580       0          0.563     
273        0.052      589        455        2550       0          0.564     
274        0.059      595        449        2503       0          0.570     
275        0.060      601        443        2563       0          0.576     
276        0.055      592        452        2567       0          0.567     
277        0.052      594        450        2490       0          0.569     
278        0.057      595        449        2386       0          0.570     
279        0.059      589        455        2420       0          0.564     
280        0.050      594        450        2603       0          0.569     
281        0.051      599        445        2628       0          0.574     
282        0.046      602        442        2552       0          0.577     
283        0.052      592        452        2314       0          0.567     
284        0.049      590        454        2424       0          0.565     
285        0.051      598        446        2479       0          0.573     
286        0.052      589        455        2383       0          0.564     
287        0.057      592        452        2416       0          0.567     
288        0.046      593        451        2411       0          0.568     
289        0.053      589        455        2359       0          0.564     
290        0.047      591        453        2511       0          0.566     
291        0.052      592        452        2435       0          0.567     
292        0.050      600        444        2522       0          0.575     
293        0.043      596        448        2521       0          0.571     
294        0.045      585        459        2497       0          0.560     
295        0.038      589        455        2467       0          0.564     
296        0.043      594        450        2444       0          0.569     
297        0.045      596        448        2516       0          0.571     
298        0.045      590        454        2506       0          0.565     
299        0.043      587        457        2484       0          0.562     
300        0.045      590        454        2509       0          0.565     
301        0.047      579        465        2342       0          0.555     
302        0.041      580        464        2401       0          0.556     
303        0.044      582        462        2416       0          0.557     
304        0.041      587        457        2558       0          0.562     
305        0.043      578        466        2324       0          0.554     
306        0.057      587        457        2606       0          0.562     
307        0.061      594        450        2794       0          0.569     
308        0.061      589        455        2590       0          0.564     
309        0.047      581        463        2387       0          0.557     
310        0.047      584        460        2447       0          0.559     
311        0.042      578        466        2337       0          0.554     
312        0.039      575        469        2532       0          0.551     
313        0.040      581        463        2466       0          0.557     
314        0.039      580        464        2345       0          0.556     
315        0.046      578        466        2323       0          0.554     
316        0.044      578        466        2374       0          0.554     
317        0.046      579        465        2294       0          0.555     
318        0.054      579        465        2371       0          0.555     
319        0.058      580        464        2448       0          0.556     
320        0.050      574        470        2405       0          0.550     
321        0.059      573        471        2430       0          0.549     
322        0.066      574        470        2333       0          0.550     
323        0.058      575        469        2392       0          0.551     
324        0.055      577        467        2379       0          0.553     
325        0.058      581        463        2419       0          0.557     
326        0.061      583        461        2495       0          0.558     
327        0.050      580        464        2448       0          0.556     
328        0.048      577        467        2462       0          0.553     
329        0.059      575        469        2437       0          0.551     
330        0.049      575        469        2446       0          0.551     
331        0.049      573        471        2273       0          0.549     
332        0.047      574        470        2406       0          0.550     
333        0.055      581        463        2365       0          0.557     
334        0.054      578        466        2351       0          0.554     
335        0.051      583        461        2418       0          0.558     
336        0.055      583        461        2548       0          0.558     
337        0.046      576        468        2321       0          0.552     
338        0.048      582        462        2386       0          0.557     
339        0.043      579        465        2365       0          0.555     
340        0.052      587        457        2463       0          0.562     
341        0.044      581        463        2481       0          0.557     
342        0.044      570        474        2383       0          0.546     
343        0.050      578        466        2413       0          0.554     
344        0.046      578        466        2479       0          0.554     
345        0.048      584        460        2483       0          0.559     
346        0.041      579        465        2441       0          0.555     
347        0.048      576        468        2366       0          0.552     
348        0.042      581        463        2453       0          0.557     
349        0.045      583        461        2504       0          0.558     
350        0.042      580        464        2506       0          0.556     
351        0.049      571        473        2346       0          0.547     
352        0.051      581        463        2502       0          0.557     
353        0.043      584        460        2528       0          0.559     
354        0.038      583        461        2505       0          0.558     
355        0.038      575        469        2396       0          0.551     
356        0.042      582        462        2508       0          0.557     
357        0.047      579        465        2391       0          0.555     
358        0.058      581        463        2493       0          0.557     
359        0.045      584        460        2625       0          0.559     
360        0.047      585        459        2639       0          0.560     
361        0.048      575        469        2522       0          0.551     
362        0.040      576        468        2311       0          0.552     
363        0.040      583        461        2551       0          0.558     
364        0.042      576        468        2404       0          0.552     
365        0.043      580        464        2408       0          0.556     
366        0.041      584        460        2504       0          0.559     
367        0.043      579        465        2413       0          0.555     
368        0.036      581        463        2370       0          0.557     
369        0.052      574        470        2318       0          0.550     
370        0.048      576        468        2438       0          0.552     
371        0.041      567        477        2330       0          0.543     
372        0.045      577        467        2488       0          0.553     
373        0.044      571        473        2353       0          0.547     
374        0.048      576        468        2345       0          0.552     
375        0.043      573        471        2394       0          0.549     
376        0.040      578        466        2498       0          0.554     
377        0.049      583        461        2511       0          0.558     
378        0.051      578        466        2459       0          0.554     
379        0.044      582        462        2454       0          0.557     
380        0.041      578        466        2455       0          0.554     
381        0.054      572        472        2328       0          0.548     
382        0.046      570        474        2274       0          0.546     
383        0.041      571        473        2298       0          0.547     
384        0.054      571        473        2270       0          0.547     
385        0.054      574        470        2270       0          0.550     
386        0.047      581        463        2301       0          0.557     
387        0.048      580        464        2368       0          0.556     
388        0.047      575        469        2366       0          0.551     
389        0.058      576        468        2310       0          0.552     
390        0.047      570        474        2420       0          0.546     
391        0.048      576        468        2384       0          0.552     
392        0.044      573        471        2340       0          0.549     
393        0.045      575        469        2450       0          0.551     
394        0.041      576        468        2423       0          0.552     
395        0.052      581        463        2383       0          0.557     
396        0.038      576        468        2348       0          0.552     
397        0.048      581        463        2378       0          0.557     
398        0.048      579        465        2363       0          0.555     
399        0.044      576        468        2352       0          0.552     
400        0.043      580        464        2350       0          0.556     
401        0.045      581        463        2279       0          0.557     
402        0.048      583        461        2437       0          0.558     
403        0.047      580        464        2440       0          0.556     
404        0.043      578        466        2418       0          0.554     
405        0.036      574        470        2346       0          0.550     
406        0.039      581        463        2368       0          0.557     
407        0.036      579        465        2426       0          0.555     
408        0.034      577        467        2379       0          0.553     
409        0.034      583        461        2244       0          0.558     
410        0.036      581        463        2284       0          0.557     
411        0.033      582        462        2343       0          0.557     
412        0.041      580        464        2450       0          0.556     
413        0.037      578        466        2201       0          0.554     
414        0.031      573        471        2327       0          0.549     
415        0.033      570        474        2269       0          0.546     
416        0.030      570        474        2400       0          0.546     
417        0.039      571        473        2291       0          0.547     
418        0.036      572        472        2339       0          0.548     
419        0.033      570        474        2303       0          0.546     
420        0.033      569        475        2262       0          0.545     
421        0.029      564        480        2288       0          0.540     
422        0.037      570        474        2426       0          0.546     
423        0.040      566        478        2318       0          0.542     
424        0.038      569        475        2211       0          0.545     
425        0.037      565        479        2164       0          0.541     
426        0.033      573        471        2283       0          0.549     
427        0.039      569        475        2334       0          0.545     
428        0.036      567        477        2260       0          0.543     
429        0.043      569        475        2367       0          0.545     
430        0.038      569        475        2398       0          0.545     
431        0.038      570        474        2414       0          0.546     
432        0.042      565        479        2293       0          0.541     
433        0.042      570        474        2304       0          0.546     
434        0.037      563        481        2222       0          0.539     
435        0.042      562        482        2468       0          0.538     
436        0.049      559        485        2293       0          0.535     
437        0.040      567        477        2328       0          0.543     
438        0.048      569        475        2325       0          0.545     
439        0.044      570        474        2566       0          0.546     
440        0.036      574        470        2378       0          0.550     
441        0.047      574        470        2466       0          0.550     
442        0.050      569        475        2410       0          0.545     
443        0.039      569        475        2433       0          0.545     
444        0.051      568        476        2398       0          0.544     
445        0.035      566        478        2471       0          0.542     
446        0.038      561        483        2436       0          0.537     
447        0.036      564        480        2405       0          0.540     
448        0.037      565        479        2434       0          0.541     
449        0.051      571        473        2652       0          0.547     
450        0.037      566        478        2465       0          0.542     
451        0.035      566        478        2474       0          0.542     
452        0.040      563        481        2387       0          0.539     
453        0.045      565        479        2449       0          0.541     
454        0.047      563        481        2445       0          0.539     
455        0.041      568        476        2429       0          0.544     
456        0.030      566        478        2413       0          0.542     
457        0.043      560        484        2371       0          0.536     
458        0.036      560        484        2438       0          0.536     
459        0.039      562        482        2386       0          0.538     
460        0.036      560        484        2280       0          0.536     
461        0.035      560        484        2342       0          0.536     
462        0.039      564        480        2265       0          0.540     
463        0.038      560        484        2456       0          0.536     
464        0.028      562        482        2425       0          0.538     
465        0.028      562        482        2402       0          0.538     
466        0.028      563        481        2354       0          0.539     
467        0.030      562        482        2332       0          0.538     
468        0.030      558        486        2323       0          0.534     
469        0.033      557        487        2354       0          0.534     
470        0.032      558        486        2363       0          0.534     
471        0.029      559        485        2373       0          0.535     
472        0.031      559        485        2253       0          0.535     
473        0.029      562        482        2375       0          0.538     
474        0.038      561        483        2336       0          0.537     
475        0.029      555        489        2222       0          0.532     
476        0.033      558        486        2234       0          0.534     
477        0.035      553        491        2335       0          0.530     
478        0.032      558        486        2296       0          0.534     
479        0.033      560        484        2286       0          0.536     
480        0.027      558        486        2312       0          0.534     
481        0.024      556        488        2299       0          0.533     
482        0.033      556        488        2361       0          0.533     
483        0.033      556        488        2303       0          0.533     
484        0.043      562        482        2243       0          0.538     
485        0.044      559        485        2431       0          0.535     
486        0.049      557        487        2395       0          0.534     
487        0.049      560        484        2322       0          0.536     
488        0.043      554        490        2234       0          0.531     
489        0.043      564        480        2323       0          0.540     
490        0.051      558        486        2273       0          0.534     
491        0.043      559        485        2333       0          0.535     
492        0.043      558        486        2306       0          0.534     
493        0.046      561        483        2321       0          0.537     
494        0.036      562        482        2481       0          0.538     
495        0.038      568        476        2524       0          0.544     
496        0.041      563        481        2447       0          0.539     
497        0.038      562        482        2467       0          0.538     
498        0.046      559        485        2269       0          0.535     
499        0.037      558        486        2268       0          0.534     
500        0.041      559        485        2314       0          0.535     
501        0.041      555        489        2299       0          0.532     
502        0.039      560        484        2236       0          0.536     
503        0.035      555        489        2196       0          0.532     
504        0.030      558        486        2356       0          0.534     
505        0.036      561        483        2324       0          0.537     
506        0.042      564        480        2265       0          0.540     
507        0.041      559        485        2244       0          0.535     
508        0.033      557        487        2265       0          0.534     
509        0.035      557        487        2223       0          0.534     
510        0.028      558        486        2307       0          0.534     
511        0.035      561        483        2285       0          0.537     
512        0.037      563        481        2376       0          0.539     
513        0.034      562        482        2385       0          0.538     
514        0.038      561        483        2293       0          0.537     
515        0.041      563        481        2329       0          0.539     
516        0.043      558        486        2199       0          0.534     
517        0.033      563        481        2402       0          0.539     
518        0.036      555        489        2272       0          0.532     
519        0.039      560        484        2393       0          0.536     
520        0.038      567        477        2413       0          0.543     
521        0.043      563        481        2306       0          0.539     
522        0.031      564        480        2485       0          0.540     
523        0.036      567        477        2368       0          0.543     
524        0.038      563        481        2313       0          0.539     
525        0.040      567        477        2485       0          0.543     
526        0.045      560        484        2319       0          0.536     
527        0.031      566        478        2350       0          0.542     
528        0.034      561        483        2305       0          0.537     
529        0.027      566        478        2278       0          0.542     
530        0.030      561        483        2311       0          0.537     
531        0.035      566        478        2357       0          0.542     
532        0.031      565        479        2398       0          0.541     
533        0.025      565        479        2359       0          0.541     
534        0.028      565        479        2377       0          0.541     
535        0.038      564        480        2274       0          0.540     
536        0.033      565        479        2323       0          0.541     
537        0.027      568        476        2367       0          0.544     
538        0.038      568        476        2380       0          0.544     
539        0.036      564        480        2373       0          0.540     
540        0.026      567        477        2362       0          0.543     
541        0.037      567        477        2334       0          0.543     
542        0.043      572        472        2462       0          0.548     
543        0.036      566        478        2426       0          0.542     
544        0.036      568        476        2322       0          0.544     
545        0.037      574        470        2348       0          0.550     
546        0.034      574        470        2480       0          0.550     
547        0.038      569        475        2367       0          0.545     
548        0.037      561        483        2320       0          0.537     
549        0.032      566        478        2465       0          0.542     
550        0.025      565        479        2376       0          0.541     
551        0.032      573        471        2462       0          0.549     
552        0.034      571        473        2428       0          0.547     
553        0.031      566        478        2456       0          0.542     
554        0.029      573        471        2452       0          0.549     
555        0.029      578        466        2509       0          0.554     
556        0.029      565        479        2369       0          0.541     
557        0.028      569        475        2480       0          0.545     
558        0.022      570        474        2501       0          0.546     
559        0.029      572        472        2440       0          0.548     
560        0.029      574        470        2543       0          0.550     
561        0.033      566        478        2531       0          0.542     
562        0.032      564        480        2471       0          0.540     
563        0.026      563        481        2458       0          0.539     
564        0.028      567        477        2468       0          0.543     
565        0.027      565        479        2424       0          0.541     
566        0.035      570        474        2493       0          0.546     
567        0.028      567        477        2525       0          0.543     
568        0.030      568        476        2418       0          0.544     
569        0.034      569        475        2488       0          0.545     
570        0.030      566        478        2406       0          0.542     
571        0.033      572        472        2418       0          0.548     
572        0.040      567        477        2422       0          0.543     
573        0.038      562        482        2297       0          0.538     
574        0.047      568        476        2499       0          0.544     
575        0.048      569        475        2501       0          0.545     
576        0.039      568        476        2438       0          0.544     
577        0.035      566        478        2510       0          0.542     
578        0.028      567        477        2537       0          0.543     
579        0.032      566        478        2494       0          0.542     
580        0.029      572        472        2487       0          0.548     
581        0.031      575        469        2475       0          0.551     
582        0.035      567        477        2470       0          0.543     
583        0.042      573        471        2657       0          0.549     
584        0.050      566        478        2510       0          0.542     
585        0.034      564        480        2537       0          0.540     
586        0.034      565        479        2458       0          0.541     
587        0.043      565        479        2368       0          0.541     
588        0.039      564        480        2489       0          0.540     
589        0.037      569        475        2427       0          0.545     
590        0.039      566        478        2411       0          0.542     
591        0.027      572        472        2469       0          0.548     
592        0.029      568        476        2439       0          0.544     
593        0.029      562        482        2397       0          0.538     
594        0.035      564        480        2436       0          0.540     
595        0.036      563        481        2400       0          0.539     
596        0.036      568        476        2407       0          0.544     
597        0.031      566        478        2283       0          0.542     
598        0.031      568        476        2322       0          0.544     
599        0.040      566        478        2330       0          0.542     
600        0.031      566        478        2236       0          0.542     
601        0.037      563        481        2301       0          0.539     
602        0.034      565        479        2221       0          0.541     
603        0.031      571        473        2272       0          0.547     
604        0.048      572        472        2295       0          0.548     
605        0.045      572        472        2336       0          0.548     
606        0.046      569        475        2293       0          0.545     
607        0.037      565        479        2237       0          0.541     
608        0.032      565        479        2270       0          0.541     
609        0.034      563        481        2346       0          0.539     
610        0.042      562        482        2283       0          0.538     
611        0.030      563        481        2364       0          0.539     
612        0.031      564        480        2321       0          0.540     
613        0.031      561        483        2316       0          0.537     
614        0.032      559        485        2284       0          0.535     
615        0.029      554        490        2305       0          0.531     
616        0.027      558        486        2266       0          0.534     
617        0.028      561        483        2304       0          0.537     
618        0.034      556        488        2351       0          0.533     
619        0.040      557        487        2329       0          0.534     
620        0.037      557        487        2273       0          0.534     
621        0.031      562        482        2281       0          0.538     
622        0.034      563        481        2259       0          0.539     
623        0.037      556        488        2322       0          0.533     
624        0.035      556        488        2314       0          0.533     
625        0.043      552        492        2299       0          0.529     
626        0.043      559        485        2526       0          0.535     
627        0.033      557        487        2391       0          0.534     
628        0.038      563        481        2388       0          0.539     
629        0.035      564        480        2320       0          0.540     
630        0.041      565        479        2471       0          0.541     
631        0.041      564        480        2388       0          0.540     
632        0.035      563        481        2323       0          0.539     
633        0.038      556        488        2353       0          0.533     
634        0.033      557        487        2285       0          0.534     
635        0.036      557        487        2486       0          0.534     
636        0.043      560        484        2418       0          0.536     
637        0.045      561        483        2526       0          0.537     
638        0.040      561        483        2400       0          0.537     
639        0.043      559        485        2374       0          0.535     
640        0.035      562        482        2383       0          0.538     
641        0.034      562        482        2320       0          0.538     
642        0.038      566        478        2455       0          0.542     
643        0.042      562        482        2464       0          0.538     
644        0.042      561        483        2492       0          0.537     
645        0.039      563        481        2400       0          0.539     
646        0.037      558        486        2379       0          0.534     
647        0.034      561        483        2394       0          0.537     
648        0.036      559        485        2369       0          0.535     
649        0.033      564        480        2366       0          0.540     
650        0.047      558        486        2322       0          0.534     
651        0.042      563        481        2300       0          0.539     
652        0.041      562        482        2383       0          0.538     
653        0.041      560        484        2374       0          0.536     
654        0.034      559        485        2328       0          0.535     
655        0.036      567        477        2392       0          0.543     
656        0.036      567        477        2362       0          0.543     
657        0.042      567        477        2347       0          0.543     
658        0.033      565        479        2401       0          0.541     
659        0.035      557        487        2408       0          0.534     
660        0.035      563        481        2423       0          0.539     
661        0.042      566        478        2473       0          0.542     
662        0.038      559        485        2339       0          0.535     
663        0.035      562        482        2343       0          0.538     
664        0.036      562        482        2376       0          0.538     
665        0.030      564        480        2344       0          0.540     
666        0.031      565        479        2361       0          0.541     
667        0.036      567        477        2354       0          0.543     
668        0.039      564        480        2360       0          0.540     
669        0.042      562        482        2280       0          0.538     
670        0.033      565        479        2341       0          0.541     
671        0.032      565        479        2293       0          0.541     
672        0.029      563        481        2257       0          0.539     
673        0.036      564        480        2355       0          0.540     
674        0.042      564        480        2266       0          0.540     
675        0.036      564        480        2364       0          0.540     
676        0.034      566        478        2363       0          0.542     
677        0.034      566        478        2337       0          0.542     
678        0.034      576        468        2494       0          0.552     
679        0.034      560        484        2377       0          0.536     
680        0.037      561        483        2383       0          0.537     
681        0.035      562        482        2361       0          0.538     
682        0.038      558        486        2379       0          0.534     
683        0.032      562        482        2433       0          0.538     
684        0.034      565        479        2397       0          0.541     
685        0.039      563        481        2430       0          0.539     
686        0.042      563        481        2367       0          0.539     
687        0.040      572        472        2524       0          0.548     
688        0.047      567        477        2539       0          0.543     
689        0.036      564        480        2467       0          0.540     
690        0.031      566        478        2517       0          0.542     
691        0.035      568        476        2401       0          0.544     
692        0.031      573        471        2536       0          0.549     
693        0.034      569        475        2524       0          0.545     
694        0.032      572        472        2558       0          0.548     
695        0.029      565        479        2450       0          0.541     
696        0.031      565        479        2398       0          0.541     
697        0.035      567        477        2403       0          0.543     
698        0.041      563        481        2359       0          0.539     
699        0.045      569        475        2460       0          0.545     
700        0.040      559        485        2341       0          0.535     
701        0.040      560        484        2374       0          0.536     
702        0.037      567        477        2389       0          0.543     
703        0.034      560        484        2361       0          0.536     
704        0.041      566        478        2386       0          0.542     
705        0.043      559        485        2352       0          0.535     
706        0.044      561        483        2368       0          0.537     
707        0.036      557        487        2362       0          0.534     
708        0.043      558        486        2364       0          0.534     
709        0.038      556        488        2391       0          0.533     
710        0.035      559        485        2410       0          0.535     
711        0.032      559        485        2405       0          0.535     
712        0.048      563        481        2447       0          0.539     
713        0.032      558        486        2466       0          0.534     
714        0.031      558        486        2403       0          0.534     
715        0.037      554        490        2400       0          0.531     
716        0.041      555        489        2397       0          0.532     
717        0.049      553        491        2353       0          0.530     
718        0.038      556        488        2406       0          0.533     
719        0.038      553        491        2405       0          0.530     
720        0.053      551        493        2281       0          0.528     
721        0.051      552        492        2369       0          0.529     
722        0.064      552        492        2274       0          0.529     
723        0.059      552        492        2302       0          0.529     
724        0.065      553        491        2324       0          0.530     
725        0.062      549        495        2268       0          0.526     
726        0.062      551        493        2284       0          0.528     
727        0.048      550        494        2352       0          0.527     
728        0.039      547        497        2337       0          0.524     
729        0.043      556        488        2449       0          0.533     
730        0.043      556        488        2349       0          0.533     
731        0.043      565        479        2465       0          0.541     
732        0.038      558        486        2438       0          0.534     
733        0.031      555        489        2381       0          0.532     
734        0.039      555        489        2381       0          0.532     
735        0.038      555        489        2375       0          0.532     
736        0.038      550        494        2297       0          0.527     
737        0.047      549        495        2320       0          0.526     
738        0.049      549        495        2342       0          0.526     
739        0.057      553        491        2440       0          0.530     
740        0.049      554        490        2350       0          0.531     
741        0.043      556        488        2391       0          0.533     
742        0.044      548        496        2339       0          0.525     
743        0.045      553        491        2388       0          0.530     
744        0.046      553        491        2295       0          0.530     
745        0.039      559        485        2414       0          0.535     
746        0.030      551        493        2344       0          0.528     
747        0.036      556        488        2420       0          0.533     
748        0.037      554        490        2336       0          0.531     
749        0.031      553        491        2337       0          0.530     
750        0.032      555        489        2331       0          0.532     
751        0.034      556        488        2407       0          0.533     
752        0.028      558        486        2396       0          0.534     
753        0.027      554        490        2421       0          0.531     
754        0.034      555        489        2419       0          0.532     
755        0.034      556        488        2391       0          0.533     
756        0.031      553        491        2434       0          0.530     
757        0.034      559        485        2477       0          0.535     
758        0.036      561        483        2474       0          0.537     
759        0.030      563        481        2455       0          0.539     
760        0.024      563        481        2538       0          0.539     
761        0.033      560        484        2353       0          0.536     
762        0.032      569        475        2467       0          0.545     
763        0.034      563        481        2334       0          0.539     
764        0.031      570        474        2454       0          0.546     
765        0.041      571        473        2373       0          0.547     
766        0.039      573        471        2381       0          0.549     
767        0.048      570        474        2584       0          0.546     
768        0.033      570        474        2485       0          0.546     
769        0.034      569        475        2507       0          0.545     
770        0.031      569        475        2354       0          0.545     
771        0.031      569        475        2416       0          0.545     
772        0.032      570        474        2310       0          0.546     
773        0.026      568        476        2279       0          0.544     
774        0.033      567        477        2247       0          0.543     
775        0.026      568        476        2335       0          0.544     
776        0.028      568        476        2327       0          0.544     
777        0.034      568        476        2416       0          0.544     
778        0.028      565        479        2348       0          0.541     
779        0.026      567        477        2399       0          0.543     
780        0.024      568        476        2351       0          0.544     
781        0.023      567        477        2470       0          0.543     
782        0.028      573        471        2343       0          0.549     
783        0.032      573        471        2531       0          0.549     
784        0.031      575        469        2429       0          0.551     
785        0.038      572        472        2333       0          0.548     
786        0.036      575        469        2319       0          0.551     
787        0.032      571        473        2306       0          0.547     
788        0.036      565        479        2260       0          0.541     
789        0.037      569        475        2328       0          0.545     
790        0.033      571        473        2318       0          0.547     
791        0.031      571        473        2327       0          0.547     
792        0.040      573        471        2410       0          0.549     
793        0.038      574        470        2442       0          0.550     
794        0.045      570        474        2415       0          0.546     
795        0.033      573        471        2440       0          0.549     
796        0.037      571        473        2538       0          0.547     
797        0.040      571        473        2442       0          0.547     
798        0.032      571        473        2533       0          0.547     
799        0.034      571        473        2518       0          0.547     
800        0.032      569        475        2478       0          0.545     
801        0.031      566        478        2391       0          0.542     
802        0.028      568        476        2388       0          0.544     
803        0.030      566        478        2346       0          0.542     
804        0.041      562        482        2380       0          0.538     
805        0.036      560        484        2342       0          0.536     
806        0.037      563        481        2363       0          0.539     
807        0.036      566        478        2389       0          0.542     
808        0.041      563        481        2245       0          0.539     
809        0.036      570        474        2374       0          0.546     
810        0.033      560        484        2310       0          0.536     
811        0.035      561        483        2261       0          0.537     
812        0.033      563        481        2206       0          0.539     
813        0.046      557        487        2151       0          0.534     
814        0.031      558        486        2165       0          0.534     
815        0.034      563        481        2406       0          0.539     
816        0.041      559        485        2204       0          0.535     
817        0.037      565        479        2342       0          0.541     
818        0.039      563        481        2294       0          0.539     
819        0.039      562        482        2231       0          0.538     
820        0.035      560        484        2275       0          0.536     
821        0.033      562        482        2232       0          0.538     
822        0.034      562        482        2308       0          0.538     
823        0.040      563        481        2264       0          0.539     
824        0.042      566        478        2452       0          0.542     
825        0.031      563        481        2381       0          0.539     
826        0.033      559        485        2425       0          0.535     
827        0.031      562        482        2454       0          0.538     
828        0.030      564        480        2444       0          0.540     
829        0.032      563        481        2453       0          0.539     
830        0.031      560        484        2364       0          0.536     
831        0.038      569        475        2556       0          0.545     
832        0.031      565        479        2381       0          0.541     
833        0.023      566        478        2474       0          0.542     
834        0.027      567        477        2463       0          0.543     
835        0.023      563        481        2385       0          0.539     
836        0.024      561        483        2327       0          0.537     
837        0.035      565        479        2472       0          0.541     
838        0.030      566        478        2538       0          0.542     
839        0.026      558        486        2305       0          0.534     
840        0.026      562        482        2394       0          0.538     
841        0.030      559        485        2439       0          0.535     
842        0.028      560        484        2461       0          0.536     
843        0.023      562        482        2453       0          0.538     
844        0.026      561        483        2403       0          0.537     
845        0.030      557        487        2453       0          0.534     
846        0.026      558        486        2438       0          0.534     
847        0.027      558        486        2376       0          0.534     
848        0.027      555        489        2417       0          0.532     
849        0.029      563        481        2286       0          0.539     
850        0.030      559        485        2307       0          0.535     
851        0.027      557        487        2324       0          0.534     
852        0.029      561        483        2362       0          0.537     
853        0.027      563        481        2351       0          0.539     
854        0.029      564        480        2334       0          0.540     
855        0.031      567        477        2459       0          0.543     
856        0.037      565        479        2354       0          0.541     
857        0.029      564        480        2329       0          0.540     
858        0.030      568        476        2419       0          0.544     
859        0.029      564        480        2348       0          0.540     
860        0.035      565        479        2315       0          0.541     
861        0.032      563        481        2301       0          0.539     
862        0.034      561        483        2251       0          0.537     
863        0.035      565        479        2332       0          0.541     
864        0.030      561        483        2291       0          0.537     
865        0.032      563        481        2308       0          0.539     
866        0.034      563        481        2351       0          0.539     
867        0.026      557        487        2264       0          0.534     
868        0.030      557        487        2325       0          0.534     
869        0.029      550        494        2310       0          0.527     
870        0.023      556        488        2371       0          0.533     
871        0.033      556        488        2334       0          0.533     
872        0.033      557        487        2382       0          0.534     
873        0.036      557        487        2405       0          0.534     
874        0.041      559        485        2321       0          0.535     
875        0.037      564        480        2429       0          0.540     
876        0.030      564        480        2386       0          0.540     
877        0.028      560        484        2353       0          0.536     
878        0.027      561        483        2289       0          0.537     
879        0.027      563        481        2424       0          0.539     
880        0.025      559        485        2286       0          0.535     
881        0.024      560        484        2307       0          0.536     
882        0.026      557        487        2282       0          0.534     
883        0.026      557        487        2238       0          0.534     
884        0.033      557        487        2154       0          0.534     
885        0.028      567        477        2367       0          0.543     
886        0.028      563        481        2221       0          0.539     
887        0.031      571        473        2435       0          0.547     
888        0.023      575        469        2435       0          0.551     
889        0.025      570        474        2320       0          0.546     
890        0.027      577        467        2434       0          0.553     
891        0.030      573        471        2379       0          0.549     
892        0.037      570        474        2365       0          0.546     
893        0.030      577        467        2545       0          0.553     
894        0.034      582        462        2529       0          0.557     
895        0.028      576        468        2477       0          0.552     
896        0.031      578        466        2508       0          0.554     
897        0.027      573        471        2360       0          0.549     
898        0.026      575        469        2428       0          0.551     
899        0.028      577        467        2463       0          0.553     
900        0.029      576        468        2546       0          0.552     
901        0.030      573        471        2497       0          0.549     
902        0.028      575        469        2528       0          0.551     
903        0.032      572        472        2433       0          0.548     
904        0.033      578        466        2493       0          0.554     
905        0.033      572        472        2348       0          0.548     
906        0.031      577        467        2469       0          0.553     
907        0.034      578        466        2401       0          0.554     
908        0.039      574        470        2455       0          0.550     
909        0.037      570        474        2301       0          0.546     
910        0.030      578        466        2492       0          0.554     
911        0.031      574        470        2472       0          0.550     
912        0.034      580        464        2553       0          0.556     
913        0.036      576        468        2405       0          0.552     
914        0.034      576        468        2355       0          0.552     
915        0.041      573        471        2399       0          0.549     
916        0.039      566        478        2355       0          0.542     
917        0.039      572        472        2435       0          0.548     
918        0.046      570        474        2432       0          0.546     
919        0.033      572        472        2371       0          0.548     
920        0.048      571        473        2410       0          0.547     
921        0.038      571        473        2412       0          0.547     
922        0.037      571        473        2445       0          0.547     
923        0.029      567        477        2421       0          0.543     
924        0.032      567        477        2434       0          0.543     
925        0.030      570        474        2406       0          0.546     
926        0.035      570        474        2453       0          0.546     
927        0.027      572        472        2536       0          0.548     
928        0.025      575        469        2422       0          0.551     
929        0.033      571        473        2380       0          0.547     
930        0.033      575        469        2477       0          0.551     
931        0.025      568        476        2401       0          0.544     
932        0.027      577        467        2363       0          0.553     
933        0.033      576        468        2412       0          0.552     
934        0.030      567        477        2380       0          0.543     
935        0.033      571        473        2403       0          0.547     
936        0.031      570        474        2351       0          0.546     
937        0.030      571        473        2373       0          0.547     
938        0.030      566        478        2295       0          0.542     
939        0.027      565        479        2337       0          0.541     
940        0.027      563        481        2302       0          0.539     
941        0.027      564        480        2295       0          0.540     
942        0.034      565        479        2323       0          0.541     
943        0.027      563        481        2241       0          0.539     
944        0.022      568        476        2250       0          0.544     
945        0.018      567        477        2267       0          0.543     
946        0.019      574        470        2264       0          0.550     
947        0.020      570        474        2217       0          0.546     
948        0.022      569        475        2240       0          0.545     
949        0.023      569        475        2217       0          0.545     
950        0.024      566        478        2196       0          0.542     
951        0.025      564        480        2194       0          0.540     
952        0.024      569        475        2245       0          0.545     
953        0.019      564        480        2197       0          0.540     
954        0.024      565        479        2176       0          0.541     
955        0.025      566        478        2174       0          0.542     
956        0.026      566        478        2230       0          0.542     
957        0.024      563        481        2255       0          0.539     
958        0.022      565        479        2267       0          0.541     
959        0.020      565        479        2272       0          0.541     
960        0.032      570        474        2343       0          0.546     
961        0.029      564        480        2236       0          0.540     
962        0.028      565        479        2198       0          0.541     
963        0.024      569        475        2280       0          0.545     
964        0.028      568        476        2253       0          0.544     
965        0.031      569        475        2208       0          0.545     
966        0.027      567        477        2255       0          0.543     
967        0.027      570        474        2300       0          0.546     
968        0.025      564        480        2278       0          0.540     
969        0.025      565        479        2317       0          0.541     
970        0.032      564        480        2291       0          0.540     
971        0.035      566        478        2258       0          0.542     
972        0.031      571        473        2293       0          0.547     
973        0.024      569        475        2350       0          0.545     
974        0.025      572        472        2346       0          0.548     
975        0.028      567        477        2298       0          0.543     
976        0.016      565        479        2316       0          0.541     
977        0.021      569        475        2316       0          0.545     
978        0.024      569        475        2331       0          0.545     
979        0.029      570        474        2382       0          0.546     
980        0.025      567        477        2393       0          0.543     
981        0.026      568        476        2340       0          0.544     
982        0.024      568        476        2466       0          0.544     
983        0.024      571        473        2374       0          0.547     
984        0.021      570        474        2427       0          0.546     
985        0.030      569        475        2407       0          0.545     
986        0.025      570        474        2470       0          0.546     
987        0.022      570        474        2402       0          0.546     
988        0.015      566        478        2331       0          0.542     
989        0.018      575        469        2408       0          0.551     
990        0.027      572        472        2305       0          0.548     
991        0.019      562        482        2246       0          0.538     
992        0.021      566        478        2316       0          0.542     
993        0.023      567        477        2264       0          0.543     
994        0.018      566        478        2287       0          0.542     
995        0.020      561        483        2328       0          0.537     
996        0.018      565        479        2367       0          0.541     
997        0.025      567        477        2386       0          0.543     
998        0.028      570        474        2487       0          0.546     
999        0.032      573        471        2414       0          0.549     
1000       0.026      569        475        2358       0          0.545     

Correct    [38;5;77m607[0m
Incorrect  [38;5;197m437[0m
Baseline   0.012     
Accuracy   0.581     

Model: /home/jupyter-nlp/Skripsi Daniel/NER Dataset/NER Model/Pre-trained Model/1000-03-97
Training data: /home/jupyter-nlp/Skripsi Daniel/NER Dataset/NER Model/Pre-trained Model/1000-03-97/training.jsonl
Evaluation data: /home/jupyter-nlp/Skripsi Daniel/NER Dataset/NER Model/Pre-trained Model/1000-03-97/evaluation.jsonl


real    355m37.493s
user    903m22.569s
sys     895m34.603s


DATASET

  Dataset            ner_id_train_1
  Created            2019-04-28 18:17:30
  Description        A gold-standard dataset for making pre-trained NER model to make annotating remaining id_gsd-ud-train.jsonl faster using ner.teach. It consists 2000 examples
  Author             Daniel_Chrisna_Danuega
  Annotations        2021  
  Accept             2000  
  Reject             3
  Ignore             18