
time prodigy ner.batch-train ner_id_train_1 id_ud-tag-dep-ner-1.0.0/ --output NER\ Model/Pre-trained\ Model/200-03-97/ --n-iter 200 --dropout 0.3 --batch-size 97


Loaded model id_ud-tag-dep-ner-1.0.0/
Using 20% of accept/reject examples (400) for evaluation
Using 100% of remaining examples (1746) for training
Dropout: 0.3  Batch size: 97  Iterations: 200  


BEFORE     0.012     
Correct    13
Incorrect  1031
Entities   3946      
Unknown    3933      

         
#          LOSS       RIGHT      WRONG      ENTS       SKIP       ACCURACY  
01         2.370      145        899        406        0          0.139     
02         1.756      277        767        681        0          0.265     
03         1.559      353        691        959        0          0.338     
04         1.468      390        654        1351       0          0.374     
05         1.282      422        622        1083       0          0.404     
06         1.221      465        579        1064       0          0.445     
07         1.235      484        560        1122       0          0.464     
08         1.184      513        531        1650       0          0.491     
09         1.097      526        518        1931       0          0.504     
10         1.127      544        500        1211       0          0.521     
11         1.083      553        491        1342       0          0.530     
12         1.024      556        488        1387       0          0.533     
13         0.936      561        483        1514       0          0.537     
14         0.853      568        476        1468       0          0.544     
15         0.756      570        474        1777       0          0.546     
16         0.682      584        460        1795       0          0.559     
17         0.621      583        461        1885       0          0.558     
18         0.592      591        453        1924       0          0.566     
19         0.575      584        460        2047       0          0.559     
20         0.538      590        454        2140       0          0.565     
21         0.509      597        447        2169       0          0.572     
22         0.494      595        449        2277       0          0.570     
23         0.483      595        449        2240       0          0.570     
24         0.432      594        450        2359       0          0.569     
25         0.412      598        446        2190       0          0.573     
26         0.408      594        450        2197       0          0.569     
27         0.391      594        450        2286       0          0.569     
28         0.384      591        453        2344       0          0.566     
29         0.352      590        454        2280       0          0.565     
30         0.317      585        459        2320       0          0.560     
31         0.323      587        457        2358       0          0.562     
32         0.311      592        452        2474       0          0.567     
33         0.290      595        449        2477       0          0.570     
34         0.284      596        448        2341       0          0.571     
35         0.271      590        454        2440       0          0.565     
36         0.256      589        455        2499       0          0.564     
37         0.266      595        449        2445       0          0.570     
38         0.248      596        448        2405       0          0.571     
39         0.241      595        449        2387       0          0.570     
40         0.233      586        458        2386       0          0.561     
41         0.231      592        452        2367       0          0.567     
42         0.210      590        454        2339       0          0.565     
43         0.212      597        447        2393       0          0.572     
44         0.200      594        450        2331       0          0.569     
45         0.196      589        455        2311       0          0.564     
46         0.188      592        452        2334       0          0.567     
47         0.180      585        459        2275       0          0.560     
48         0.185      586        458        2264       0          0.561     
49         0.185      591        453        2294       0          0.566     
50         0.179      588        456        2332       0          0.563     
51         0.176      588        456        2319       0          0.563     
52         0.164      589        455        2361       0          0.564     
53         0.164      590        454        2331       0          0.565     
54         0.161      594        450        2265       0          0.569     
55         0.175      599        445        2299       0          0.574     
56         0.159      599        445        2375       0          0.574     
57         0.140      597        447        2311       0          0.572     
58         0.138      591        453        2237       0          0.566     
59         0.144      597        447        2244       0          0.572     
60         0.145      600        444        2305       0          0.575     
61         0.135      600        444        2367       0          0.575     
62         0.128      596        448        2317       0          0.571     
63         0.123      599        445        2334       0          0.574     
64         0.128      600        444        2378       0          0.575     
65         0.121      598        446        2298       0          0.573     
66         0.114      599        445        2287       0          0.574     
67         0.114      596        448        2236       0          0.571     
68         0.122      595        449        2250       0          0.570     
69         0.123      593        451        2267       0          0.568     
70         0.118      596        448        2348       0          0.571     
71         0.110      596        448        2371       0          0.571     
72         0.106      601        443        2456       0          0.576     
73         0.113      601        443        2430       0          0.576     
74         0.119      602        442        2295       0          0.577     
75         0.120      600        444        2335       0          0.575     
76         0.111      600        444        2407       0          0.575     
77         0.093      595        449        2504       0          0.570     
78         0.099      602        442        2505       0          0.577     
79         0.093      593        451        2510       0          0.568     
80         0.092      586        458        2473       0          0.561     
81         0.095      596        448        2461       0          0.571     
82         0.103      591        453        2358       0          0.566     
83         0.109      598        446        2506       0          0.573     
84         0.101      595        449        2560       0          0.570     
85         0.099      593        451        2533       0          0.568     
86         0.096      591        453        2542       0          0.566     
87         0.099      593        451        2462       0          0.568     
88         0.091      597        447        2429       0          0.572     
89         0.091      589        455        2395       0          0.564     
90         0.094      596        448        2398       0          0.571     
91         0.090      598        446        2388       0          0.573     
92         0.088      595        449        2416       0          0.570     
93         0.095      594        450        2526       0          0.569     
94         0.098      595        449        2472       0          0.570     
95         0.105      594        450        2603       0          0.569     
96         0.097      594        450        2443       0          0.569     
97         0.103      597        447        2510       0          0.572     
98         0.100      592        452        2510       0          0.567     
99         0.087      597        447        2515       0          0.572     
100        0.092      597        447        2581       0          0.572     
101        0.103      592        452        2485       0          0.567     
102        0.099      591        453        2451       0          0.566     
103        0.090      588        456        2431       0          0.563     
104        0.088      590        454        2417       0          0.565     
105        0.090      590        454        2530       0          0.565     
106        0.090      593        451        2427       0          0.568     
107        0.086      597        447        2471       0          0.572     
108        0.085      599        445        2478       0          0.574     
109        0.092      598        446        2458       0          0.573     
110        0.082      598        446        2475       0          0.573     
111        0.083      601        443        2537       0          0.576     
112        0.074      597        447        2554       0          0.572     
113        0.081      598        446        2617       0          0.573     
114        0.077      603        441        2511       0          0.578     
115        0.073      591        453        2438       0          0.566     
116        0.078      601        443        2506       0          0.576     
117        0.073      593        451        2462       0          0.568     
118        0.081      597        447        2456       0          0.572     
119        0.077      599        445        2456       0          0.574     
120        0.077      598        446        2373       0          0.573     
121        0.078      591        453        2336       0          0.566     
122        0.076      591        453        2377       0          0.566     
123        0.075      592        452        2421       0          0.567     
124        0.069      599        445        2452       0          0.574     
125        0.070      597        447        2393       0          0.572     
126        0.071      592        452        2338       0          0.567     
127        0.072      596        448        2426       0          0.571     
128        0.078      597        447        2387       0          0.572     
129        0.086      597        447        2490       0          0.572     
130        0.077      601        443        2577       0          0.576     
131        0.073      599        445        2446       0          0.574     
132        0.067      592        452        2379       0          0.567     
133        0.076      595        449        2431       0          0.570     
134        0.069      596        448        2421       0          0.571     
135        0.081      592        452        2472       0          0.567     
136        0.069      599        445        2465       0          0.574     
137        0.069      603        441        2549       0          0.578     
138        0.069      602        442        2609       0          0.577     
139        0.066      595        449        2502       0          0.570     
140        0.079      603        441        2602       0          0.578     
141        0.066      607        437        2532       0          0.581     
142        0.073      595        449        2459       0          0.570     
143        0.059      600        444        2486       0          0.575     
144        0.061      596        448        2530       0          0.571     
145        0.059      588        456        2434       0          0.563     
146        0.067      591        453        2427       0          0.566     
147        0.070      593        451        2451       0          0.568     
148        0.067      590        454        2494       0          0.565     
149        0.070      589        455        2502       0          0.564     
150        0.066      591        453        2460       0          0.566     
151        0.069      589        455        2561       0          0.564     
152        0.065      585        459        2378       0          0.560     
153        0.059      588        456        2324       0          0.563     
154        0.064      591        453        2303       0          0.566     
155        0.054      590        454        2300       0          0.565     
156        0.062      595        449        2470       0          0.570     
157        0.060      581        463        2301       0          0.557     
158        0.065      585        459        2365       0          0.560     
159        0.064      587        457        2417       0          0.562     
160        0.072      592        452        2409       0          0.567     
161        0.063      592        452        2380       0          0.567     
162        0.059      590        454        2336       0          0.565     
163        0.057      593        451        2496       0          0.568     
164        0.063      600        444        2494       0          0.575     
165        0.060      598        446        2460       0          0.573     
166        0.053      588        456        2234       0          0.563     
167        0.055      590        454        2387       0          0.565     
168        0.076      586        458        2384       0          0.561     
169        0.062      591        453        2373       0          0.566     
170        0.055      582        462        2401       0          0.557     
171        0.059      580        464        2313       0          0.556     
172        0.066      590        454        2394       0          0.565     
173        0.065      585        459        2306       0          0.560     
174        0.068      586        458        2419       0          0.561     
175        0.056      590        454        2393       0          0.565     
176        0.062      585        459        2394       0          0.560     
177        0.068      593        451        2420       0          0.568     
178        0.073      595        449        2510       0          0.570     
179        0.064      591        453        2602       0          0.566     
180        0.061      598        446        2519       0          0.573     
181        0.054      595        449        2507       0          0.570     
182        0.056      595        449        2480       0          0.570     
183        0.057      585        459        2371       0          0.560     
184        0.062      593        451        2502       0          0.568     
185        0.069      592        452        2447       0          0.567     
186        0.061      596        448        2543       0          0.571     
187        0.062      588        456        2387       0          0.563     
188        0.057      587        457        2447       0          0.562     
189        0.064      588        456        2445       0          0.563     
190        0.051      590        454        2427       0          0.565     
191        0.061      585        459        2353       0          0.560     
192        0.059      590        454        2334       0          0.565     
193        0.054      592        452        2295       0          0.567     
194        0.049      586        458        2387       0          0.561     
195        0.054      590        454        2475       0          0.565     
196        0.066      582        462        2461       0          0.557     
197        0.053      591        453        2396       0          0.566     
198        0.051      585        459        2416       0          0.560     
199        0.058      587        457        2335       0          0.562     
200        0.058      590        454        2363       0          0.565     

Correct    607
Incorrect  437
Baseline   0.012     
Accuracy   0.581     

Model: /home/jupyter-nlp/Skripsi Daniel/NER Dataset/NER Model/Pre-trained Model/200-03-97
Training data: /home/jupyter-nlp/Skripsi Daniel/NER Dataset/NER Model/Pre-trained Model/200-03-97/training.jsonl
Evaluation data: /home/jupyter-nlp/Skripsi Daniel/NER Dataset/NER Model/Pre-trained Model/200-03-97/evaluation.jsonl


real    262m34.100s
user    189m47.098s
sys     216m0.092s


DATASET

  Dataset            ner_id_train_1
  Created            2019-04-28 18:17:30
  Description        A gold-standard dataset for making pre-trained NER model to make annotating remaining id_gsd-ud-train.jsonl faster using ner.teach. It consists 2000 examples
  Author             Daniel_Chrisna_Danuega
  Annotations        2021  
  Accept             2000  
  Reject             3
  Ignore             18