
time prodigy ner.batch-train ner_id_train_1 id_ud-tag-dep-ner-1.0.0/ --output NER\ Model/Pre-trained\ Model/100-03-97/ --n-iter 100 --dropout 0.3 --batch-size 97


Loaded model id_ud-tag-dep-ner-1.0.0/
Using 20% of accept/reject examples (400) for evaluation
Using 100% of remaining examples (1746) for training
Dropout: 0.3  Batch size: 97  Iterations: 100  


BEFORE     0.012     
Correct    13
Incorrect  1031
Entities   3946      
Unknown    3933      

         
#          LOSS       RIGHT      WRONG      ENTS       SKIP       ACCURACY  
01         2.370      145        899        406        0          0.139     
02         1.756      277        767        681        0          0.265     
03         1.559      353        691        959        0          0.338     
04         1.468      390        654        1351       0          0.374     
05         1.282      422        622        1083       0          0.404     
06         1.221      465        579        1064       0          0.445     
07         1.235      484        560        1122       0          0.464     
08         1.184      513        531        1650       0          0.491     
09         1.097      526        518        1931       0          0.504     
10         1.127      544        500        1211       0          0.521     
11         1.083      553        491        1342       0          0.530     
12         1.024      556        488        1387       0          0.533     
13         0.936      561        483        1514       0          0.537     
14         0.853      568        476        1468       0          0.544     
15         0.756      570        474        1777       0          0.546     
16         0.682      584        460        1795       0          0.559     
17         0.621      583        461        1885       0          0.558     
18         0.592      591        453        1924       0          0.566     
19         0.575      584        460        2047       0          0.559     
20         0.538      590        454        2140       0          0.565     
21         0.509      597        447        2169       0          0.572     
22         0.494      595        449        2277       0          0.570     
23         0.483      595        449        2240       0          0.570     
24         0.432      594        450        2359       0          0.569     
25         0.412      598        446        2190       0          0.573     
26         0.408      594        450        2197       0          0.569     
27         0.391      594        450        2286       0          0.569     
28         0.384      591        453        2344       0          0.566     
29         0.352      590        454        2280       0          0.565     
30         0.317      585        459        2320       0          0.560     
31         0.323      587        457        2358       0          0.562     
32         0.311      592        452        2474       0          0.567     
33         0.290      595        449        2477       0          0.570     
34         0.284      596        448        2341       0          0.571     
35         0.271      590        454        2440       0          0.565     
36         0.256      589        455        2499       0          0.564     
37         0.266      595        449        2445       0          0.570     
38         0.248      596        448        2405       0          0.571     
39         0.241      595        449        2387       0          0.570     
40         0.233      586        458        2386       0          0.561     
41         0.231      592        452        2367       0          0.567     
42         0.210      590        454        2339       0          0.565     
43         0.212      597        447        2393       0          0.572     
44         0.200      594        450        2331       0          0.569     
45         0.196      589        455        2311       0          0.564     
46         0.188      592        452        2334       0          0.567     
47         0.180      585        459        2275       0          0.560     
48         0.185      586        458        2264       0          0.561     
49         0.185      591        453        2294       0          0.566     
50         0.179      588        456        2332       0          0.563     
51         0.176      588        456        2319       0          0.563     
52         0.164      589        455        2361       0          0.564     
53         0.164      590        454        2331       0          0.565     
54         0.161      594        450        2265       0          0.569     
55         0.175      599        445        2299       0          0.574     
56         0.159      599        445        2375       0          0.574     
57         0.140      597        447        2311       0          0.572     
58         0.138      591        453        2237       0          0.566     
59         0.144      597        447        2244       0          0.572     
60         0.145      600        444        2305       0          0.575     
61         0.135      600        444        2367       0          0.575     
62         0.128      596        448        2317       0          0.571     
63         0.123      599        445        2334       0          0.574     
64         0.128      600        444        2378       0          0.575     
65         0.121      598        446        2298       0          0.573     
66         0.114      599        445        2287       0          0.574     
67         0.114      596        448        2236       0          0.571     
68         0.122      595        449        2250       0          0.570     
69         0.123      593        451        2267       0          0.568     
70         0.118      596        448        2348       0          0.571     
71         0.110      596        448        2371       0          0.571     
72         0.106      601        443        2456       0          0.576     
73         0.113      601        443        2430       0          0.576     
74         0.119      602        442        2295       0          0.577     
75         0.120      600        444        2335       0          0.575     
76         0.111      600        444        2407       0          0.575     
77         0.093      595        449        2504       0          0.570     
78         0.099      602        442        2505       0          0.577     
79         0.093      593        451        2510       0          0.568     
80         0.092      586        458        2473       0          0.561     
81         0.095      596        448        2461       0          0.571     
82         0.103      591        453        2358       0          0.566     
83         0.109      598        446        2506       0          0.573     
84         0.101      595        449        2560       0          0.570     
85         0.099      593        451        2533       0          0.568     
86         0.096      591        453        2542       0          0.566     
87         0.099      593        451        2462       0          0.568     
88         0.091      597        447        2429       0          0.572     
89         0.091      589        455        2395       0          0.564     
90         0.094      596        448        2398       0          0.571     
91         0.090      598        446        2388       0          0.573     
92         0.088      595        449        2416       0          0.570     
93         0.095      594        450        2526       0          0.569     
94         0.098      595        449        2472       0          0.570     
95         0.105      594        450        2603       0          0.569     
96         0.097      594        450        2443       0          0.569     
97         0.103      597        447        2510       0          0.572     
98         0.100      592        452        2510       0          0.567     
99         0.087      597        447        2515       0          0.572     
100        0.092      597        447        2581       0          0.572     

Correct    602
Incorrect  442
Baseline   0.012     
Accuracy   0.577     

Model: /home/jupyter-nlp/Skripsi Daniel/NER Dataset/NER Model/Pre-trained Model/100-03-97
Training data: /home/jupyter-nlp/Skripsi Daniel/NER Dataset/NER Model/Pre-trained Model/100-03-97/training.jsonl
Evaluation data: /home/jupyter-nlp/Skripsi Daniel/NER Dataset/NER Model/Pre-trained Model/100-03-97/evaluation.jsonl


real    109m53.906s
user    93m7.356s
sys     105m58.023s


DATASET

  Dataset            ner_id_train_1
  Created            2019-04-28 18:17:30
  Description        A gold-standard dataset for making pre-trained NER model to make annotating remaining id_gsd-ud-train.jsonl faster using ner.teach. It consists 2000 examples
  Author             Daniel_Chrisna_Danuega
  Annotations        2021  
  Accept             2000  
  Reject             3
  Ignore             18