dropout_from=0.5 dropout_to=0.2 batch_to=100 time spacy train id 50-epochs-high-dropout/ id_gsd-ud-train.json id_gsd-ud-dev.json --no-entities --n-iter 50 --use-gpu 0


dropout_from = 0.5 via $dropout_from
dropout_to = 0.2 via $dropout_to
dropout_decay = 0.0 by default
batch_from = 1 by default
batch_to = 100 via $batch_to
batch_compound = 1.001 by default
max_doc_len = 5000 by default
beam_width = 1 by default
beam_density = 0.0 by default
Warning: Unnamed vectors -- this won't allow multiple vectors models to be loaded. (Shape: (0, 0))
learn_rate = 0.001 by default
optimizer_B1 = 0.9 by default
optimizer_B2 = 0.999 by default
optimizer_eps = 1e-08 by default
L2_penalty = 1e-06 by default
grad_norm_clip = 1.0 by default
embed_size = 7000 by default
token_vector_width = 128 by default
parser_hidden_depth = 1 by default
parser_maxout_pieces = 2 by default
token_vector_width = 128 by default
hidden_width = 200 by default
embed_size = 7000 by default
history_feats = 0 by default
history_width = 0 by default
Itn.  Dep Loss  NER Loss  UAS     NER P.  NER R.  NER F.  Tag %   Token %  CPU WPS  GPU WPS
0     28642.943 0.000     75.576  0.000   0.000   0.000   88.509  99.841   4438.2   3544.5
1     1269.017  0.000     79.668  0.000   0.000   0.000   90.256  99.841   2691.9   2680.1
2     456.160   0.000     80.984  0.000   0.000   0.000   90.780  99.865   3805.2   3702.5
3     239.999   0.000     81.442  0.000   0.000   0.000   91.288  99.849   4354.7   4523.2
4     146.862   0.000     81.576  0.000   0.000   0.000   91.582  99.849   5404.6   5616.3
5     100.581   0.000     81.873  0.000   0.000   0.000   91.693  99.849   2155.0   2238.4
6     71.675    0.000     82.049  0.000   0.000   0.000   91.868  99.849   2024.5   2008.5
7     54.476    0.000     82.244  0.000   0.000   0.000   91.955  99.841   1949.5   1968.9
8     42.756    0.000     82.233  0.000   0.000   0.000   91.963  99.849   2028.3   2260.3
9     33.910    0.000     82.556  0.000   0.000   0.000   92.035  99.849   2203.8   1997.6
10    27.992    0.000     82.708  0.000   0.000   0.000   92.098  99.849   1975.7   1899.1
11    23.451    0.000     82.892  0.000   0.000   0.000   92.122  99.841   2004.5   2136.5
12    19.764    0.000     82.696  0.000   0.000   0.000   92.178  99.841   2186.5   2025.4
13    16.903    0.000     82.988  0.000   0.000   0.000   92.186  99.849   1943.9   2099.9
14    14.728    0.000     82.777  0.000   0.000   0.000   92.201  99.841   2392.9   1917.2
15    12.718    0.000     82.683  0.000   0.000   0.000   92.257  99.849   1932.6   2012.9
16    11.209    0.000     83.019  0.000   0.000   0.000   92.241  99.841   1917.3   1903.1
17    10.005    0.000     82.740  0.000   0.000   0.000   92.273  99.841   1951.5   2312.8
18    8.837     0.000     82.955  0.000   0.000   0.000   92.289  99.841   2385.7   2617.3
19    8.486     0.000     82.828  0.000   0.000   0.000   92.289  99.841   2397.1   2589.5
20    7.050     0.000     82.914  0.000   0.000   0.000   92.297  99.841   2543.7   2626.3
21    6.542     0.000     82.890  0.000   0.000   0.000   92.305  99.841   2539.4   2789.6
22    6.445     0.000     82.909  0.000   0.000   0.000   92.328  99.841   2682.9   2613.3
23    6.353     0.000     82.961  0.000   0.000   0.000   92.368  99.841   2511.0   2616.4
24    6.298     0.000     83.020  0.000   0.000   0.000   92.400  99.849   2735.6   2613.8
25    6.256     0.000     83.031  0.000   0.000   0.000   92.392  99.841   2642.5   3106.4
26    6.205     0.000     83.119  0.000   0.000   0.000   92.416  99.849   2446.0   2665.6
27    6.169     0.000     82.958  0.000   0.000   0.000   92.416  99.849   2883.5   2434.4
28    6.144     0.000     82.843  0.000   0.000   0.000   92.416  99.849   2588.9   2337.9
29    6.032     0.000     83.089  0.000   0.000   0.000   92.408  99.849   2510.3   2509.4
30    6.018     0.000     82.740  0.000   0.000   0.000   92.416  99.849   2474.2   2631.4
31    5.912     0.000     82.984  0.000   0.000   0.000   92.448  99.849   2488.5   2645.9
32    5.896     0.000     82.907  0.000   0.000   0.000   92.440  99.849   2627.7   2745.6
33    5.825     0.000     82.950  0.000   0.000   0.000   92.463  99.849   3148.0   2612.8
34    5.779     0.000     82.696  0.000   0.000   0.000   92.471  99.849   4216.1   4150.9
35    5.780     0.000     82.687  0.000   0.000   0.000   92.471  99.849   3957.2   4604.4
36    5.727     0.000     82.625  0.000   0.000   0.000   92.344  99.849   4209.6   3834.2
37    5.690     0.000     82.876  0.000   0.000   0.000   92.003  99.849   4090.8   4352.5
38    5.637     0.000     82.984  0.000   0.000   0.000   90.923  99.849   3948.2   3856.9
39    5.580     0.000     82.702  0.000   0.000   0.000   88.763  99.849   4076.5   3610.7
40    5.589     0.000     82.946  0.000   0.000   0.000   86.865  99.849   3497.0   3947.1
41    5.504     0.000     83.025  0.000   0.000   0.000   84.871  99.849   3904.3   4175.8
42    5.516     0.000     82.811  0.000   0.000   0.000   83.767  99.849   4405.7   3625.0
43    5.430     0.000     82.448  0.000   0.000   0.000   83.227  99.849   4102.3   3737.4
44    5.370     0.000     82.710  0.000   0.000   0.000   83.100  99.849   3854.7   3869.6
45    5.421     0.000     82.734  0.000   0.000   0.000   83.275  99.849   3519.2   3817.0
46    5.311     0.000     82.747  0.000   0.000   0.000   83.648  99.857   4009.4   3854.0
47    5.301     0.000     82.851  0.000   0.000   0.000   84.109  99.849   3677.9   3917.4
48    5.220     0.000     82.554  0.000   0.000   0.000   84.482  99.857   3837.9   3740.8
49    5.252     0.000     82.683  0.000   0.000   0.000   84.840  99.849   4327.6   3923.9
Saving model...


3h9m38s



Results

    Time               7.67 s
    Words              11771
    Words/s            1534
    TOK                99.85
    POS                84.04
    UAS                83.36
    LAS                75.14
    NER P              0.00
    NER R              0.00
    NER F              0.00