SCRIPT:
dropout_to=0.5 batch_to=100 time spacy train id 50-epochs/ id_gsd-ud-train.json id_gsd-ud-dev.json --no-entities --n-iter 50 --use-gpu 0


COMPUTE TIME:
12265.55user 
12363.11system 
58:00.59elapsed 
707%CPU


EPOCHS:
Itn.  Dep Loss  NER Loss  UAS     NER P.  NER R.  NER F.  Tag %   Token %  CPU WPS  GPU WPS
0     22700.527 0.000     80.327  0.000   0.000   0.000   90.510  99.841   7761.0   7790.6
1     980.646   0.000     81.853  0.000   0.000   0.000   91.757  99.849   7757.7   7779.5
2     343.270   0.000     82.420  0.000   0.000   0.000   92.297  99.825   7798.0   7773.2
3     172.350   0.000     82.701  0.000   0.000   0.000   92.432  99.833   7767.6   7766.2
4     99.834    0.000     82.927  0.000   0.000   0.000   92.678  99.841   7817.1   7792.9
5     64.898    0.000     82.572  0.000   0.000   0.000   92.646  99.833   7735.7   7763.7
6     43.897    0.000     82.909  0.000   0.000   0.000   92.662  99.833   7724.5   7820.5
7     31.904    0.000     82.927  0.000   0.000   0.000   92.710  99.841   7726.2   7801.0
8     22.943    0.000     82.926  0.000   0.000   0.000   92.686  99.849   7517.0   7793.8
9     17.624    0.000     82.869  0.000   0.000   0.000   92.749  99.849   7809.0   7715.7
10    13.651    0.000     82.689  0.000   0.000   0.000   92.781  99.849   7715.7   7327.7
11    10.867    0.000     82.869  0.000   0.000   0.000   92.741  99.849   7677.7   7734.2
12    8.944     0.000     82.671  0.000   0.000   0.000   92.765  99.849   7610.4   7737.5
13    7.282     0.000     82.627  0.000   0.000   0.000   92.733  99.849   7767.3   7791.5
14    6.000     0.000     82.537  0.000   0.000   0.000   92.710  99.849   7768.2   7798.1
15    4.899     0.000     82.394  0.000   0.000   0.000   92.710  99.849   7772.0   7788.8
16    4.099     0.000     82.483  0.000   0.000   0.000   92.718  99.849   7763.6   7759.2
17    3.476     0.000     82.608  0.000   0.000   0.000   92.694  99.849   7758.0   7734.7
18    2.964     0.000     82.708  0.000   0.000   0.000   92.694  99.857   7784.3   7773.1
19    2.786     0.000     82.660  0.000   0.000   0.000   92.678  99.857   7764.8   7707.9
20    2.233     0.000     82.350  0.000   0.000   0.000   92.694  99.857   7311.2   7397.9
21    2.001     0.000     82.490  0.000   0.000   0.000   92.654  99.857   7807.5   7786.2
22    1.889     0.000     82.389  0.000   0.000   0.000   92.670  99.857   7666.3   7811.2
23    1.870     0.000     82.508  0.000   0.000   0.000   92.670  99.857   7808.3   7816.2
24    1.715     0.000     82.245  0.000   0.000   0.000   92.662  99.857   7815.0   7756.9
25    1.724     0.000     82.198  0.000   0.000   0.000   92.678  99.857   6780.4   7717.2
26    1.708     0.000     82.340  0.000   0.000   0.000   92.694  99.857   7713.2   7786.5
27    1.624     0.000     82.423  0.000   0.000   0.000   92.694  99.857   7267.8   7361.1
28    1.600     0.000     82.215  0.000   0.000   0.000   92.702  99.857   7826.2   7729.7
29    1.510     0.000     82.140  0.000   0.000   0.000   92.702  99.857   7761.6   7775.0
30    1.536     0.000     82.350  0.000   0.000   0.000   92.726  99.857   6898.8   7047.5
31    1.421     0.000     82.061  0.000   0.000   0.000   92.718  99.857   7673.3   7784.6
32    1.451     0.000     82.234  0.000   0.000   0.000   92.726  99.857   7648.8   7588.6
33    1.505     0.000     82.220  0.000   0.000   0.000   92.741  99.857   6847.6   6749.1
34    1.350     0.000     82.421  0.000   0.000   0.000   92.757  99.857   6575.5   6241.4
35    1.320     0.000     82.157  0.000   0.000   0.000   92.749  99.857   7459.9   7415.9
36    1.275     0.000     81.965  0.000   0.000   0.000   92.765  99.857   6541.7   6448.9
37    1.233     0.000     81.905  0.000   0.000   0.000   92.749  99.857   7587.5   7523.7
38    1.216     0.000     81.993  0.000   0.000   0.000   92.741  99.857   7444.8   7489.5
39    1.179     0.000     81.871  0.000   0.000   0.000   92.757  99.857   7303.8   7618.0
40    1.246     0.000     81.903  0.000   0.000   0.000   92.757  99.857   7094.3   7191.7
41    1.160     0.000     81.998  0.000   0.000   0.000   92.726  99.857   7488.8   7343.4
42    1.062     0.000     82.019  0.000   0.000   0.000   92.718  99.857   7222.4   7479.8
43    1.073     0.000     82.416  0.000   0.000   0.000   92.726  99.857   7351.4   7738.1
44    1.097     0.000     82.115  0.000   0.000   0.000   92.710  99.857   6270.7   7398.0
45    1.060     0.000     82.049  0.000   0.000   0.000   92.726  99.857   7122.0   6755.3
46    1.075     0.000     82.087  0.000   0.000   0.000   92.733  99.857   7357.3   7214.8
47    1.043     0.000     81.921  0.000   0.000   0.000   92.757  99.857   7783.4   7764.0
48    1.001     0.000     81.809  0.000   0.000   0.000   92.733  99.857   7252.1   7258.8
49    0.996     0.000     82.070  0.000   0.000   0.000   92.741  99.857   7774.8   7465.4


PACKAGE SCRIPT:
spacy package 50-epochs/model-final/ 50-epochs/


EVALUATE SCRIPT:
spacy evaluate 50-epochs/id_ud-tag-dep-ner-1.0.0/id_ud-tag-dep-ner/id_ud-tag-dep-ner-1.0.0/ id_gsd-ud-test.json --displacy-path 50-epochs/ --gpu-id 0


EVALUATE RESULT:
Results
    Time               1.55 s
    Words              11771
    Words/s            7607
    TOK                99.86
    POS                92.56
    UAS                83.00
    LAS                74.47
    NER P              0.00
    NER R              0.00
    NER F              0.00