
dropout_from=0.5 dropout_to=0.2 dropout_decay=0.1 batch_to=100 time spacy train id 1000-hdp/ id_gsd-ud-train.json id_gsd-ud-dev.json --no-entities --n-iter 1000 --use-gpu 0


dropout_from = 0.5 via $dropout_from
dropout_to = 0.2 via $dropout_to
dropout_decay = 0.1 via $dropout_decay
batch_from = 1 by default
batch_to = 100 via $batch_to
batch_compound = 1.001 by default
max_doc_len = 5000 by default
beam_width = 1 by default
beam_density = 0.0 by default
Warning: Unnamed vectors -- this won't allow multiple vectors models to be loaded. (Shape: (0, 0))
learn_rate = 0.001 by default
optimizer_B1 = 0.9 by default
optimizer_B2 = 0.999 by default
optimizer_eps = 1e-08 by default
L2_penalty = 1e-06 by default
grad_norm_clip = 1.0 by default
embed_size = 7000 by default
token_vector_width = 128 by default
parser_hidden_depth = 1 by default
parser_maxout_pieces = 2 by default
token_vector_width = 128 by default
hidden_width = 200 by default
embed_size = 7000 by default
history_feats = 0 by default
history_width = 0 by default
Itn.  Dep Loss  NER Loss  UAS     NER P.  NER R.  NER F.  Tag %   Token %  CPU WPS  GPU WPS
0     22718.184 0.000     80.423  0.000   0.000   0.000   90.661  99.841   6508.1   6460.9
1     981.136   0.000     82.131  0.000   0.000   0.000   92.082  99.841   6505.9   6468.8
2     343.051   0.000     82.819  0.000   0.000   0.000   92.344  99.833   6531.9   6507.9
3     169.851   0.000     82.760  0.000   0.000   0.000   92.606  99.849   6540.3   6540.8
4     98.730    0.000     82.773  0.000   0.000   0.000   92.678  99.849   6521.5   6507.6
5     64.378    0.000     82.765  0.000   0.000   0.000   92.805  99.841   6551.1   6538.5
6     43.026    0.000     82.848  0.000   0.000   0.000   92.900  99.857   6536.5   6515.8
7     31.064    0.000     82.974  0.000   0.000   0.000   92.900  99.857   6540.3   6494.9
8     22.498    0.000     83.123  0.000   0.000   0.000   92.924  99.857   6490.8   6486.4
9     17.127    0.000     82.873  0.000   0.000   0.000   92.948  99.857   6534.4   6539.4
10    13.346    0.000     82.847  0.000   0.000   0.000   92.948  99.857   6536.9   6506.3
11    10.694    0.000     82.717  0.000   0.000   0.000   92.908  99.857   6532.5   6475.2
12    8.768     0.000     82.584  0.000   0.000   0.000   92.900  99.857   6500.7   6532.7
13    7.077     0.000     82.499  0.000   0.000   0.000   92.884  99.857   6538.2   6528.7
14    5.754     0.000     82.556  0.000   0.000   0.000   92.892  99.857   6533.1   6562.8
15    4.710     0.000     82.631  0.000   0.000   0.000   92.876  99.857   6538.8   6540.0
16    4.008     0.000     82.665  0.000   0.000   0.000   92.853  99.857   6536.7   6506.4
17    3.420     0.000     82.428  0.000   0.000   0.000   92.845  99.857   6530.2   6544.7
18    2.888     0.000     82.496  0.000   0.000   0.000   92.837  99.857   6532.7   6563.3
19    2.704     0.000     82.631  0.000   0.000   0.000   92.845  99.857   6539.0   6529.3
20    2.138     0.000     82.716  0.000   0.000   0.000   92.853  99.865   6556.4   6565.4
21    1.920     0.000     82.665  0.000   0.000   0.000   92.853  99.865   6537.4   6564.2
22    1.868     0.000     82.603  0.000   0.000   0.000   92.845  99.865   6512.3   6465.5
23    1.738     0.000     82.453  0.000   0.000   0.000   92.829  99.865   6547.7   6551.4
24    1.729     0.000     82.634  0.000   0.000   0.000   92.837  99.865   6551.1   6567.7
25    1.644     0.000     82.374  0.000   0.000   0.000   92.821  99.865   6560.6   6555.7
26    1.581     0.000     82.365  0.000   0.000   0.000   92.829  99.865   6541.2   6564.3
27    1.617     0.000     82.184  0.000   0.000   0.000   92.829  99.865   6552.5   6560.9
28    1.533     0.000     82.246  0.000   0.000   0.000   92.861  99.865   6557.5   6546.7
29    1.549     0.000     82.316  0.000   0.000   0.000   92.845  99.865   6549.7   6516.7
30    1.438     0.000     82.211  0.000   0.000   0.000   92.853  99.857   6526.4   6517.0
31    1.466     0.000     82.256  0.000   0.000   0.000   92.868  99.865   6533.8   6564.2
32    1.352     0.000     82.395  0.000   0.000   0.000   92.861  99.865   6555.1   6518.9
33    1.373     0.000     82.369  0.000   0.000   0.000   92.853  99.865   6541.4   6567.1
34    1.370     0.000     82.566  0.000   0.000   0.000   92.845  99.865   6547.7   6550.9
35    1.320     0.000     82.733  0.000   0.000   0.000   92.853  99.865   6535.9   6497.9
36    1.278     0.000     82.398  0.000   0.000   0.000   92.837  99.865   6536.7   6511.4
37    1.281     0.000     82.415  0.000   0.000   0.000   92.813  99.865   6556.9   6532.5
38    1.232     0.000     82.461  0.000   0.000   0.000   92.821  99.865   6517.4   6547.9
39    1.180     0.000     82.123  0.000   0.000   0.000   92.845  99.865   6533.3   6535.7
40    1.144     0.000     82.209  0.000   0.000   0.000   92.853  99.865   6555.9   6561.4
41    1.171     0.000     82.085  0.000   0.000   0.000   92.845  99.865   6521.7   6565.5
42    1.070     0.000     82.297  0.000   0.000   0.000   92.829  99.865   6556.9   6530.0
43    1.074     0.000     82.769  0.000   0.000   0.000   92.829  99.865   6521.8   6564.8
44    1.078     0.000     82.427  0.000   0.000   0.000   92.821  99.865   6529.9   6561.7
45    1.023     0.000     82.372  0.000   0.000   0.000   92.821  99.873   6535.1   6528.0
46    1.025     0.000     82.329  0.000   0.000   0.000   92.789  99.873   6575.3   6515.3
47    1.023     0.000     82.436  0.000   0.000   0.000   92.837  99.873   6538.7   6562.9
48    0.998     0.000     82.429  0.000   0.000   0.000   92.853  99.873   6541.4   6577.1
49    0.954     0.000     82.320  0.000   0.000   0.000   92.884  99.873   6530.3   6566.4
50    0.919     0.000     82.359  0.000   0.000   0.000   92.884  99.873   6557.3   6569.4
51    0.931     0.000     82.299  0.000   0.000   0.000   92.892  99.873   6570.8   6571.8
52    0.913     0.000     82.310  0.000   0.000   0.000   92.892  99.873   6567.3   6561.6
53    0.919     0.000     82.198  0.000   0.000   0.000   92.900  99.873   6555.1   6562.3
54    0.856     0.000     82.192  0.000   0.000   0.000   92.694  99.873   6536.3   6513.2
55    0.838     0.000     82.410  0.000   0.000   0.000   92.186  99.873   6507.2   6527.8
56    0.901     0.000     82.432  0.000   0.000   0.000   90.828  99.873   6524.8   6515.5
57    0.871     0.000     82.284  0.000   0.000   0.000   88.644  99.873   6521.4   6553.0
58    0.853     0.000     82.179  0.000   0.000   0.000   86.452  99.873   6518.1   6534.3
59    0.834     0.000     82.190  0.000   0.000   0.000   84.975  99.873   6548.2   6535.1
60    0.803     0.000     82.428  0.000   0.000   0.000   83.720  99.873   6538.9   6525.9
61    0.793     0.000     82.238  0.000   0.000   0.000   83.204  99.873   6484.6   6517.5
62    0.792     0.000     82.491  0.000   0.000   0.000   82.926  99.873   6532.5   6513.7
63    0.789     0.000     82.265  0.000   0.000   0.000   83.084  99.873   6524.8   6517.9
64    0.766     0.000     82.276  0.000   0.000   0.000   83.450  99.873   6510.4   6543.7
65    0.747     0.000     82.313  0.000   0.000   0.000   83.775  99.873   6531.4   6504.3
66    0.755     0.000     82.046  0.000   0.000   0.000   84.260  99.873   6560.6   6540.2
67    0.755     0.000     82.335  0.000   0.000   0.000   84.840  99.873   6512.3   6559.1
68    0.706     0.000     82.296  0.000   0.000   0.000   85.205  99.873   6554.1   6529.3
69    0.728     0.000     82.317  0.000   0.000   0.000   85.602  99.873   6556.4   6527.5
70    0.706     0.000     82.208  0.000   0.000   0.000   85.872  99.873   6523.8   6543.1
71    0.718     0.000     82.277  0.000   0.000   0.000   86.198  99.873   6493.8   6533.2
72    0.729     0.000     82.318  0.000   0.000   0.000   86.491  99.873   6541.5   6555.8
73    0.707     0.000     82.245  0.000   0.000   0.000   86.682  99.873   6572.8   6544.6
74    0.692     0.000     82.264  0.000   0.000   0.000   86.944  99.873   6546.3   6552.3
75    0.681     0.000     82.194  0.000   0.000   0.000   87.095  99.873   6511.1   6537.2
76    0.677     0.000     82.326  0.000   0.000   0.000   87.230  99.873   6124.9   6550.1
77    0.688     0.000     82.307  0.000   0.000   0.000   87.460  99.873   6575.3   6562.3
78    0.742     0.000     82.147  0.000   0.000   0.000   87.587  99.873   6545.8   6540.7
79    0.712     0.000     82.446  0.000   0.000   0.000   87.675  99.873   6539.5   6534.2
80    0.713     0.000     82.369  0.000   0.000   0.000   87.762  99.873   6545.3   6505.1
81    0.670     0.000     82.270  0.000   0.000   0.000   87.913  99.873   6527.6   6532.0
82    0.658     0.000     82.170  0.000   0.000   0.000   88.080  99.865   6546.8   6543.8
83    0.645     0.000     82.305  0.000   0.000   0.000   88.278  99.865   6539.7   6534.5
84    0.629     0.000     82.440  0.000   0.000   0.000   88.366  99.873   6569.6   6521.3
85    0.640     0.000     82.091  0.000   0.000   0.000   88.461  99.865   6557.5   6547.8
86    0.642     0.000     82.093  0.000   0.000   0.000   88.532  99.865   6548.0   6550.4
87    0.644     0.000     82.040  0.000   0.000   0.000   88.683  99.865   6519.6   6509.2
88    0.602     0.000     81.899  0.000   0.000   0.000   88.771  99.865   6517.7   6548.6
89    0.596     0.000     82.130  0.000   0.000   0.000   88.818  99.865   6521.0   6512.5
90    0.603     0.000     81.931  0.000   0.000   0.000   88.890  99.865   6552.1   6515.7
91    0.594     0.000     82.014  0.000   0.000   0.000   88.898  99.865   6542.2   6508.0
92    0.581     0.000     81.852  0.000   0.000   0.000   88.922  99.865   6523.6   6529.8
93    0.592     0.000     82.065  0.000   0.000   0.000   88.945  99.865   6521.9   6495.6
94    0.551     0.000     81.820  0.000   0.000   0.000   88.945  99.865   6561.4   6526.4
95    0.563     0.000     82.145  0.000   0.000   0.000   88.945  99.865   6512.1   6535.9
96    0.589     0.000     81.978  0.000   0.000   0.000   88.993  99.865   6551.7   6524.6
97    0.602     0.000     82.215  0.000   0.000   0.000   89.001  99.865   6538.8   6505.2
98    0.533     0.000     82.068  0.000   0.000   0.000   89.041  99.865   6523.7   6511.7
99    0.537     0.000     81.961  0.000   0.000   0.000   89.057  99.865   6534.6   6489.3
100   0.548     0.000     82.040  0.000   0.000   0.000   89.096  99.865   6558.1   6544.2
101   0.538     0.000     82.003  0.000   0.000   0.000   89.120  99.865   6463.5   6522.4
102   0.529     0.000     82.108  0.000   0.000   0.000   89.152  99.865   6535.6   6534.2
103   0.524     0.000     82.183  0.000   0.000   0.000   89.176  99.865   6552.8   6546.8
104   0.535     0.000     82.063  0.000   0.000   0.000   89.215  99.865   6528.2   6509.7
105   0.507     0.000     82.106  0.000   0.000   0.000   89.223  99.865   6561.8   6544.1
106   0.548     0.000     82.298  0.000   0.000   0.000   89.231  99.873   6517.4   6534.3
107   0.519     0.000     81.978  0.000   0.000   0.000   89.247  99.865   6501.5   6491.4
108   0.532     0.000     82.040  0.000   0.000   0.000   89.215  99.865   6546.6   6550.7
109   0.476     0.000     81.969  0.000   0.000   0.000   89.215  99.865   6537.5   6555.3
110   0.496     0.000     81.907  0.000   0.000   0.000   89.223  99.865   6540.3   6549.3
111   0.503     0.000     81.772  0.000   0.000   0.000   89.223  99.865   6542.7   6555.4
112   0.495     0.000     82.046  0.000   0.000   0.000   89.247  99.865   6554.9   6531.3
113   0.498     0.000     82.001  0.000   0.000   0.000   89.247  99.865   6528.0   6529.7
114   0.488     0.000     82.127  0.000   0.000   0.000   89.255  99.873   6486.5   6507.6
115   0.472     0.000     82.121  0.000   0.000   0.000   89.207  99.865   6557.3   6526.6
116   0.498     0.000     82.025  0.000   0.000   0.000   89.215  99.865   6550.1   6521.4
117   0.476     0.000     81.869  0.000   0.000   0.000   89.239  99.873   6505.1   6567.0
118   0.493     0.000     81.916  0.000   0.000   0.000   89.239  99.865   6552.6   6519.3
119   0.430     0.000     82.191  0.000   0.000   0.000   89.231  99.873   6504.3   6534.5
120   0.463     0.000     82.106  0.000   0.000   0.000   89.239  99.873   6529.6   6548.1
121   0.444     0.000     82.018  0.000   0.000   0.000   89.223  99.873   6552.2   6547.5
122   0.439     0.000     81.982  0.000   0.000   0.000   89.199  99.873   6521.6   6528.8
123   0.428     0.000     82.082  0.000   0.000   0.000   89.184  99.873   6550.8   6557.9
124   0.446     0.000     82.040  0.000   0.000   0.000   89.192  99.865   6531.4   6459.9
125   0.454     0.000     82.057  0.000   0.000   0.000   89.231  99.873   6510.1   6516.4
126   0.469     0.000     82.140  0.000   0.000   0.000   89.223  99.873   6479.1   6485.3
127   0.424     0.000     81.945  0.000   0.000   0.000   89.207  99.873   6447.4   6506.2
128   0.420     0.000     82.046  0.000   0.000   0.000   89.199  99.873   6521.2   6546.7
129   0.452     0.000     82.029  0.000   0.000   0.000   89.223  99.865   6492.7   6520.0
130   0.424     0.000     81.840  0.000   0.000   0.000   89.215  99.865   6470.5   6480.6
131   0.435     0.000     81.980  0.000   0.000   0.000   89.192  99.873   6485.3   6476.7
132   0.438     0.000     81.802  0.000   0.000   0.000   89.207  99.873   6488.9   6522.5
133   0.443     0.000     82.072  0.000   0.000   0.000   89.184  99.873   6520.4   6526.6
134   0.422     0.000     82.123  0.000   0.000   0.000   89.176  99.865   6507.5   6507.5
135   0.450     0.000     82.326  0.000   0.000   0.000   89.176  99.873   6480.2   6527.4
136   0.425     0.000     82.053  0.000   0.000   0.000   89.160  99.873   6534.4   6521.0
137   0.402     0.000     81.988  0.000   0.000   0.000   89.184  99.873   6519.1   6532.1
138   0.395     0.000     82.153  0.000   0.000   0.000   89.192  99.873   6488.7   6513.6
139   0.412     0.000     82.099  0.000   0.000   0.000   89.207  99.873   6511.1   6516.3
140   0.429     0.000     82.352  0.000   0.000   0.000   89.215  99.873   6525.3   6482.8
141   0.443     0.000     82.100  0.000   0.000   0.000   89.263  99.881   6493.1   6515.5
142   0.450     0.000     81.956  0.000   0.000   0.000   89.231  99.873   6530.7   6522.5
143   0.411     0.000     82.176  0.000   0.000   0.000   89.207  99.865   6546.6   6516.5
144   0.420     0.000     82.125  0.000   0.000   0.000   89.207  99.873   6504.7   6524.4
145   0.419     0.000     82.027  0.000   0.000   0.000   89.231  99.873   6491.5   6483.5
146   0.440     0.000     82.204  0.000   0.000   0.000   89.239  99.873   6509.3   6466.8
147   0.446     0.000     82.033  0.000   0.000   0.000   89.239  99.881   6515.5   6500.2
148   0.393     0.000     82.082  0.000   0.000   0.000   89.231  99.881   6506.9   6517.8
149   0.409     0.000     82.195  0.000   0.000   0.000   89.239  99.873   6503.2   6506.6
150   0.402     0.000     82.125  0.000   0.000   0.000   89.255  99.881   6526.7   6519.6
151   0.393     0.000     82.255  0.000   0.000   0.000   89.231  99.881   6515.8   6483.3
152   0.393     0.000     82.138  0.000   0.000   0.000   89.215  99.881   6491.3   6477.9
153   0.389     0.000     82.255  0.000   0.000   0.000   89.184  99.873   6522.6   6496.1
154   0.361     0.000     82.231  0.000   0.000   0.000   89.215  99.873   6520.0   6522.3
155   0.402     0.000     82.257  0.000   0.000   0.000   89.192  99.881   6501.1   6492.7
156   0.386     0.000     82.112  0.000   0.000   0.000   89.168  99.881   6495.7   6535.5
157   0.394     0.000     82.240  0.000   0.000   0.000   89.192  99.881   6500.6   6520.1
158   0.380     0.000     82.142  0.000   0.000   0.000   89.207  99.881   6531.6   6517.4
159   0.390     0.000     81.898  0.000   0.000   0.000   89.207  99.881   6508.0   6509.4
160   0.358     0.000     82.121  0.000   0.000   0.000   89.207  99.881   6520.5   6522.3
161   0.393     0.000     82.110  0.000   0.000   0.000   89.215  99.881   6479.4   6534.5
162   0.354     0.000     82.103  0.000   0.000   0.000   89.215  99.881   6546.2   6500.1
163   0.391     0.000     82.069  0.000   0.000   0.000   89.207  99.881   6532.9   6490.4
164   0.368     0.000     82.025  0.000   0.000   0.000   89.215  99.865   6476.9   6538.5
165   0.373     0.000     82.290  0.000   0.000   0.000   89.239  99.873   6521.7   6500.7
166   0.359     0.000     82.267  0.000   0.000   0.000   89.247  99.865   6528.7   6538.3
167   0.393     0.000     82.234  0.000   0.000   0.000   89.215  99.873   6526.1   6522.9
168   0.332     0.000     82.138  0.000   0.000   0.000   89.207  99.873   6534.7   6507.2
169   0.366     0.000     82.161  0.000   0.000   0.000   89.199  99.873   6482.9   6510.8
170   0.368     0.000     82.100  0.000   0.000   0.000   89.207  99.873   6535.6   6522.5
171   0.336     0.000     82.131  0.000   0.000   0.000   89.223  99.881   6546.0   6547.2
172   0.351     0.000     81.881  0.000   0.000   0.000   89.192  99.881   6508.9   6556.7
173   0.363     0.000     81.956  0.000   0.000   0.000   89.215  99.873   6531.4   6550.6
174   0.362     0.000     82.046  0.000   0.000   0.000   89.215  99.873   6536.5   6533.9
175   0.328     0.000     81.907  0.000   0.000   0.000   89.207  99.873   6526.8   6526.2
176   0.345     0.000     81.839  0.000   0.000   0.000   89.207  99.881   6555.9   6558.3
177   0.339     0.000     82.092  0.000   0.000   0.000   89.247  99.873   6485.3   6489.9
178   0.346     0.000     82.123  0.000   0.000   0.000   89.247  99.873   6470.3   6536.4
179   0.377     0.000     82.168  0.000   0.000   0.000   89.231  99.881   6541.5   6559.1
180   0.335     0.000     82.104  0.000   0.000   0.000   89.239  99.881   6510.8   6526.7
181   0.357     0.000     82.142  0.000   0.000   0.000   89.231  99.881   6547.1   6519.7
182   0.338     0.000     81.846  0.000   0.000   0.000   89.215  99.865   6521.9   6549.0
183   0.323     0.000     82.026  0.000   0.000   0.000   89.207  99.857   6483.0   6545.5
184   0.337     0.000     82.074  0.000   0.000   0.000   89.215  99.865   6524.4   6537.2
185   0.332     0.000     82.183  0.000   0.000   0.000   89.223  99.873   6536.2   6547.6
186   0.338     0.000     82.166  0.000   0.000   0.000   89.231  99.873   6525.3   6546.4
187   0.338     0.000     82.198  0.000   0.000   0.000   89.239  99.881   6527.3   6550.8
188   0.329     0.000     82.190  0.000   0.000   0.000   89.255  99.873   6529.6   6543.2
189   0.329     0.000     82.211  0.000   0.000   0.000   89.255  99.873   6524.1   6519.2
190   0.334     0.000     82.100  0.000   0.000   0.000   89.247  99.873   6556.5   6533.3
191   0.316     0.000     82.288  0.000   0.000   0.000   89.255  99.873   6542.9   6529.2
192   0.319     0.000     82.341  0.000   0.000   0.000   89.255  99.873   6556.8   6469.7
193   0.291     0.000     82.382  0.000   0.000   0.000   89.263  99.873   6544.8   6550.2
194   0.328     0.000     82.372  0.000   0.000   0.000   89.263  99.865   6527.7   6476.3
195   0.287     0.000     82.236  0.000   0.000   0.000   89.255  99.857   6510.9   6558.2
196   0.337     0.000     82.335  0.000   0.000   0.000   89.255  99.865   6528.6   6544.7
197   0.302     0.000     82.229  0.000   0.000   0.000   89.263  99.873   6463.4   6503.8
198   0.303     0.000     82.265  0.000   0.000   0.000   89.255  99.857   6529.0   6498.1
199   0.302     0.000     82.387  0.000   0.000   0.000   89.255  99.857   6481.7   6544.6
200   0.304     0.000     82.212  0.000   0.000   0.000   89.263  99.865   6503.2   6500.2
201   0.303     0.000     82.148  0.000   0.000   0.000   89.271  99.865   6529.1   6511.2
202   0.298     0.000     82.272  0.000   0.000   0.000   89.271  99.865   6548.8   6488.3
203   0.314     0.000     82.316  0.000   0.000   0.000   89.271  99.865   6531.7   6536.6
204   0.291     0.000     82.295  0.000   0.000   0.000   89.263  99.865   6534.4   6494.1
205   0.320     0.000     82.263  0.000   0.000   0.000   89.255  99.865   6539.6   6541.9
206   0.299     0.000     82.231  0.000   0.000   0.000   89.255  99.865   6522.4   6541.4
207   0.309     0.000     82.287  0.000   0.000   0.000   89.263  99.865   6471.1   6491.7
208   0.330     0.000     82.030  0.000   0.000   0.000   89.287  99.865   6519.0   6539.5
209   0.306     0.000     82.143  0.000   0.000   0.000   89.263  99.865   6534.4   6519.7
210   0.298     0.000     82.158  0.000   0.000   0.000   89.255  99.865   6530.4   6565.6
211   0.278     0.000     82.072  0.000   0.000   0.000   89.263  99.865   6530.5   6546.6
212   0.281     0.000     82.160  0.000   0.000   0.000   89.263  99.865   6479.6   6533.7
213   0.292     0.000     82.223  0.000   0.000   0.000   89.255  99.865   6505.7   6519.6
214   0.297     0.000     82.363  0.000   0.000   0.000   89.239  99.865   6531.6   6492.1
215   0.295     0.000     82.230  0.000   0.000   0.000   89.207  99.873   6529.4   6530.2
216   0.309     0.000     82.262  0.000   0.000   0.000   89.223  99.873   6510.6   6543.6
217   0.290     0.000     82.123  0.000   0.000   0.000   89.223  99.873   6565.6   6513.3
218   0.276     0.000     82.115  0.000   0.000   0.000   89.231  99.865   6578.4   6449.7
219   0.270     0.000     82.248  0.000   0.000   0.000   89.215  99.865   6556.6   6561.5
220   0.297     0.000     82.135  0.000   0.000   0.000   89.199  99.873   6540.2   6521.2
221   0.277     0.000     82.350  0.000   0.000   0.000   89.199  99.873   6559.8   6523.6
222   0.272     0.000     82.288  0.000   0.000   0.000   89.223  99.865   6544.6   6555.9
223   0.293     0.000     82.163  0.000   0.000   0.000   89.231  99.865   6525.6   6563.0
224   0.291     0.000     82.068  0.000   0.000   0.000   89.223  99.873   6573.1   6543.9
225   0.292     0.000     81.946  0.000   0.000   0.000   89.223  99.873   6558.8   6546.3
226   0.296     0.000     82.297  0.000   0.000   0.000   89.223  99.873   6554.2   6566.1
227   0.298     0.000     82.254  0.000   0.000   0.000   89.239  99.873   6557.5   6536.6
228   0.282     0.000     82.323  0.000   0.000   0.000   89.239  99.873   6526.3   6549.5
229   0.278     0.000     82.207  0.000   0.000   0.000   89.231  99.881   6530.6   6521.9
230   0.278     0.000     82.141  0.000   0.000   0.000   89.231  99.881   6523.0   6527.1
231   0.255     0.000     82.308  0.000   0.000   0.000   89.223  99.873   6560.9   6528.8
232   0.273     0.000     82.281  0.000   0.000   0.000   89.231  99.881   6544.5   6552.3
233   0.256     0.000     82.203  0.000   0.000   0.000   89.231  99.881   6507.8   6550.4
234   0.283     0.000     82.151  0.000   0.000   0.000   89.239  99.881   6542.0   6527.0
235   0.294     0.000     82.237  0.000   0.000   0.000   89.215  99.881   6540.4   6539.5
236   0.255     0.000     81.837  0.000   0.000   0.000   89.199  99.881   6541.4   6553.6
237   0.269     0.000     82.119  0.000   0.000   0.000   89.176  99.881   6527.6   6543.7
238   0.274     0.000     82.004  0.000   0.000   0.000   89.152  99.881   6545.3   6540.1
239   0.258     0.000     82.051  0.000   0.000   0.000   89.160  99.881   6538.9   6539.5
240   0.262     0.000     82.044  0.000   0.000   0.000   89.160  99.881   6547.4   6560.0
241   0.267     0.000     81.867  0.000   0.000   0.000   89.144  99.881   6510.4   6525.5
242   0.281     0.000     82.079  0.000   0.000   0.000   89.144  99.881   6530.7   6523.4
243   0.268     0.000     81.999  0.000   0.000   0.000   89.152  99.881   6510.0   6525.6
244   0.263     0.000     82.065  0.000   0.000   0.000   89.144  99.881   6538.2   6510.3
245   0.251     0.000     82.192  0.000   0.000   0.000   89.152  99.881   6554.9   6545.8
246   0.265     0.000     82.161  0.000   0.000   0.000   89.128  99.881   6546.0   6545.4
247   0.255     0.000     82.125  0.000   0.000   0.000   89.136  99.881   6537.7   6548.5
248   0.268     0.000     82.042  0.000   0.000   0.000   89.144  99.881   6555.2   6506.7
249   0.256     0.000     82.078  0.000   0.000   0.000   89.176  99.881   6542.6   6551.7
250   0.256     0.000     82.114  0.000   0.000   0.000   89.176  99.881   6537.0   6503.9
251   0.267     0.000     82.119  0.000   0.000   0.000   89.199  99.881   6517.7   6550.7
252   0.256     0.000     82.127  0.000   0.000   0.000   89.184  99.881   6540.3   6543.2
253   0.255     0.000     82.012  0.000   0.000   0.000   89.136  99.881   6532.6   6547.1
254   0.246     0.000     81.887  0.000   0.000   0.000   89.120  99.881   6520.8   6572.2
255   0.278     0.000     81.974  0.000   0.000   0.000   89.120  99.881   6557.6   6516.5
256   0.264     0.000     81.905  0.000   0.000   0.000   89.120  99.881   6509.7   6503.2
257   0.246     0.000     81.976  0.000   0.000   0.000   89.120  99.881   6511.5   6485.2
258   0.246     0.000     82.066  0.000   0.000   0.000   89.112  99.881   6491.8   6499.1
259   0.245     0.000     81.818  0.000   0.000   0.000   89.120  99.881   6525.9   6518.9
260   0.261     0.000     82.019  0.000   0.000   0.000   89.128  99.881   6536.6   6517.0
261   0.266     0.000     81.869  0.000   0.000   0.000   89.120  99.881   6536.2   6521.7
262   0.233     0.000     81.893  0.000   0.000   0.000   89.136  99.873   6517.6   6522.6
263   0.254     0.000     81.893  0.000   0.000   0.000   89.136  99.881   6511.4   6521.7
264   0.241     0.000     81.933  0.000   0.000   0.000   89.128  99.873   6543.0   6487.0
265   0.232     0.000     81.766  0.000   0.000   0.000   89.112  99.881   6527.0   6521.4
266   0.247     0.000     81.992  0.000   0.000   0.000   89.128  99.881   6540.5   6544.8
267   0.238     0.000     81.719  0.000   0.000   0.000   89.152  99.873   6543.0   6539.9
268   0.234     0.000     81.995  0.000   0.000   0.000   89.176  99.873   6526.3   6480.0
269   0.245     0.000     81.681  0.000   0.000   0.000   89.176  99.873   6514.3   6462.3
270   0.224     0.000     81.790  0.000   0.000   0.000   89.168  99.881   6502.4   6505.3
271   0.233     0.000     81.749  0.000   0.000   0.000   89.144  99.881   6500.1   6506.6
272   0.260     0.000     81.734  0.000   0.000   0.000   89.136  99.873   6518.1   6531.4
273   0.251     0.000     81.840  0.000   0.000   0.000   89.144  99.881   6506.2   6531.1
274   0.256     0.000     81.779  0.000   0.000   0.000   89.096  99.881   6551.3   6525.2
275   0.244     0.000     81.694  0.000   0.000   0.000   89.088  99.881   6523.0   6551.9
276   0.238     0.000     81.826  0.000   0.000   0.000   89.080  99.881   6539.3   6555.8
277   0.252     0.000     81.920  0.000   0.000   0.000   89.080  99.881   6499.6   6506.5
278   0.225     0.000     82.056  0.000   0.000   0.000   89.088  99.881   6538.1   6552.5
279   0.235     0.000     82.175  0.000   0.000   0.000   89.104  99.873   6522.3   6524.6
280   0.233     0.000     81.783  0.000   0.000   0.000   89.120  99.881   6512.7   6534.7
281   0.242     0.000     81.977  0.000   0.000   0.000   89.104  99.873   6537.8   6525.0
282   0.248     0.000     81.978  0.000   0.000   0.000   89.104  99.881   6502.9   6537.4
283   0.233     0.000     81.987  0.000   0.000   0.000   89.096  99.881   6528.0   6609.1
284   0.225     0.000     81.976  0.000   0.000   0.000   89.080  99.873   6554.3   6542.3
285   0.229     0.000     81.820  0.000   0.000   0.000   89.072  99.881   6507.1   6503.0
286   0.236     0.000     82.034  0.000   0.000   0.000   89.057  99.881   6525.3   6501.3
287   0.236     0.000     82.066  0.000   0.000   0.000   89.057  99.873   6512.6   6519.0
288   0.247     0.000     81.891  0.000   0.000   0.000   89.064  99.881   6544.5   6539.3
289   0.227     0.000     81.852  0.000   0.000   0.000   89.072  99.881   6548.4   6552.1
290   0.214     0.000     81.782  0.000   0.000   0.000   89.072  99.881   6538.1   6539.3
291   0.214     0.000     81.820  0.000   0.000   0.000   89.064  99.881   6568.8   6539.0
292   0.222     0.000     81.730  0.000   0.000   0.000   89.072  99.881   6517.1   6516.5
293   0.222     0.000     81.957  0.000   0.000   0.000   89.049  99.881   6516.5   6520.2
294   0.239     0.000     81.950  0.000   0.000   0.000   89.033  99.881   6537.3   6535.4
295   0.233     0.000     81.908  0.000   0.000   0.000   89.033  99.881   6531.8   6529.6
296   0.233     0.000     81.833  0.000   0.000   0.000   89.033  99.881   6479.1   6543.9
297   0.230     0.000     81.705  0.000   0.000   0.000   89.049  99.881   6518.6   6525.2
298   0.216     0.000     81.681  0.000   0.000   0.000   89.057  99.873   6511.6   6518.4
299   0.247     0.000     81.766  0.000   0.000   0.000   89.049  99.881   6514.7   6526.2
300   0.227     0.000     81.764  0.000   0.000   0.000   89.033  99.881   6516.3   6511.2
301   0.250     0.000     81.775  0.000   0.000   0.000   89.049  99.873   6531.6   6522.9
302   0.225     0.000     81.657  0.000   0.000   0.000   89.041  99.881   6536.8   6525.2
303   0.232     0.000     81.760  0.000   0.000   0.000   89.017  99.881   6552.6   6526.3
304   0.234     0.000     81.839  0.000   0.000   0.000   89.025  99.881   6520.6   6533.8
305   0.217     0.000     81.822  0.000   0.000   0.000   89.017  99.881   6539.7   6503.2
306   0.214     0.000     81.608  0.000   0.000   0.000   89.001  99.881   6536.2   6503.6
307   0.242     0.000     81.777  0.000   0.000   0.000   88.993  99.881   6523.1   6536.1
308   0.228     0.000     81.813  0.000   0.000   0.000   88.993  99.881   6488.0   6483.6
309   0.206     0.000     81.976  0.000   0.000   0.000   89.009  99.881   6514.5   6519.5
310   0.214     0.000     81.811  0.000   0.000   0.000   88.993  99.881   6508.7   6502.8
311   0.219     0.000     81.884  0.000   0.000   0.000   89.001  99.881   6449.5   6469.5
312   0.221     0.000     81.882  0.000   0.000   0.000   89.009  99.881   6523.3   6517.0
313   0.202     0.000     81.903  0.000   0.000   0.000   89.017  99.881   6500.2   6500.2
314   0.220     0.000     81.749  0.000   0.000   0.000   89.009  99.873   6526.4   6489.6
315   0.236     0.000     81.777  0.000   0.000   0.000   89.017  99.873   6520.7   6486.5
316   0.254     0.000     82.134  0.000   0.000   0.000   89.001  99.881   6535.2   6519.1
317   0.228     0.000     82.015  0.000   0.000   0.000   89.001  99.881   6494.4   6526.8
318   0.206     0.000     81.866  0.000   0.000   0.000   89.025  99.873   6553.5   6499.3
319   0.222     0.000     81.799  0.000   0.000   0.000   89.025  99.873   6554.4   6546.9
320   0.221     0.000     81.888  0.000   0.000   0.000   89.025  99.881   6554.1   6533.7
321   0.224     0.000     81.991  0.000   0.000   0.000   89.025  99.881   6536.4   6512.9
322   0.211     0.000     82.143  0.000   0.000   0.000   89.001  99.881   6534.7   6505.5
323   0.214     0.000     82.109  0.000   0.000   0.000   88.993  99.881   6544.1   6544.3
324   0.203     0.000     82.062  0.000   0.000   0.000   89.009  99.881   6495.6   6541.1
325   0.208     0.000     82.109  0.000   0.000   0.000   88.985  99.881   6568.5   6531.3
326   0.214     0.000     81.931  0.000   0.000   0.000   88.985  99.881   6538.9   6526.3
327   0.229     0.000     82.108  0.000   0.000   0.000   88.961  99.881   6568.0   6541.4
328   0.234     0.000     82.066  0.000   0.000   0.000   88.961  99.881   6558.5   6544.4
329   0.203     0.000     82.211  0.000   0.000   0.000   88.945  99.881   6536.4   6514.1
330   0.209     0.000     82.218  0.000   0.000   0.000   88.937  99.881   6542.2   6555.9
331   0.190     0.000     82.076  0.000   0.000   0.000   88.961  99.881   6566.9   6544.5
332   0.208     0.000     82.072  0.000   0.000   0.000   88.969  99.881   6550.8   6554.7
333   0.203     0.000     81.747  0.000   0.000   0.000   88.977  99.881   6553.7   6550.8
334   0.200     0.000     81.715  0.000   0.000   0.000   88.969  99.881   6526.6   6568.3
335   0.211     0.000     81.985  0.000   0.000   0.000   88.945  99.873   6552.1   6517.8
336   0.193     0.000     81.756  0.000   0.000   0.000   88.906  99.881   6551.0   6557.5
337   0.223     0.000     81.705  0.000   0.000   0.000   88.882  99.873   6565.3   6514.8
338   0.200     0.000     81.802  0.000   0.000   0.000   88.882  99.873   6544.0   6562.3
339   0.192     0.000     82.032  0.000   0.000   0.000   88.882  99.873   6570.6   6540.5
340   0.208     0.000     81.831  0.000   0.000   0.000   88.874  99.873   6535.4   6564.1
341   0.199     0.000     81.871  0.000   0.000   0.000   88.858  99.881   6515.7   6552.8
342   0.185     0.000     82.152  0.000   0.000   0.000   88.850  99.881   6555.6   6536.8
343   0.197     0.000     82.151  0.000   0.000   0.000   88.850  99.873   6529.2   6492.6
344   0.208     0.000     82.062  0.000   0.000   0.000   88.842  99.873   6538.4   6510.3
345   0.196     0.000     82.132  0.000   0.000   0.000   88.834  99.873   6546.7   6506.6
346   0.203     0.000     82.115  0.000   0.000   0.000   88.826  99.873   6557.6   6560.6
347   0.184     0.000     81.914  0.000   0.000   0.000   88.834  99.873   6545.9   6547.4
348   0.191     0.000     81.926  0.000   0.000   0.000   88.834  99.873   6498.2   6540.9
349   0.190     0.000     81.802  0.000   0.000   0.000   88.810  99.873   6541.2   6559.0
350   0.212     0.000     81.751  0.000   0.000   0.000   88.818  99.873   6549.8   6515.9
351   0.179     0.000     81.794  0.000   0.000   0.000   88.818  99.873   6557.4   6543.5
352   0.194     0.000     81.924  0.000   0.000   0.000   88.794  99.881   6560.4   6520.3
353   0.189     0.000     81.933  0.000   0.000   0.000   88.794  99.881   6535.2   6541.2
354   0.195     0.000     81.818  0.000   0.000   0.000   88.794  99.881   6551.8   6571.7
355   0.202     0.000     81.867  0.000   0.000   0.000   88.802  99.881   6541.8   6563.4
356   0.204     0.000     81.982  0.000   0.000   0.000   88.810  99.881   6546.1   6539.2
357   0.185     0.000     81.944  0.000   0.000   0.000   88.787  99.873   6527.0   6501.1
358   0.204     0.000     82.093  0.000   0.000   0.000   88.787  99.873   6534.2   6511.4
359   0.200     0.000     81.968  0.000   0.000   0.000   88.787  99.873   6556.4   6552.4
360   0.192     0.000     82.045  0.000   0.000   0.000   88.794  99.873   6523.5   6528.8
361   0.191     0.000     81.982  0.000   0.000   0.000   88.787  99.873   6545.8   6538.2
362   0.198     0.000     81.997  0.000   0.000   0.000   88.787  99.873   6516.6   6518.7
363   0.201     0.000     81.963  0.000   0.000   0.000   88.763  99.873   6535.4   6515.9
364   0.206     0.000     81.925  0.000   0.000   0.000   88.763  99.873   6502.3   6482.6
365   0.191     0.000     81.930  0.000   0.000   0.000   88.763  99.881   6519.5   6494.0
366   0.215     0.000     81.918  0.000   0.000   0.000   88.763  99.873   6531.7   6499.7
367   0.196     0.000     81.777  0.000   0.000   0.000   88.779  99.873   6521.9   6528.5
368   0.215     0.000     81.893  0.000   0.000   0.000   88.755  99.873   6499.8   6513.9
369   0.183     0.000     81.886  0.000   0.000   0.000   88.771  99.873   6526.4   6483.6
370   0.183     0.000     81.941  0.000   0.000   0.000   88.755  99.873   6526.2   6532.6
371   0.200     0.000     81.860  0.000   0.000   0.000   88.763  99.873   6516.7   6463.6
372   0.179     0.000     81.893  0.000   0.000   0.000   88.755  99.873   6547.0   6508.4
373   0.196     0.000     82.014  0.000   0.000   0.000   88.755  99.873   6546.0   6545.1
374   0.200     0.000     82.019  0.000   0.000   0.000   88.763  99.873   6536.6   6549.0
375   0.189     0.000     82.136  0.000   0.000   0.000   88.771  99.873   6481.7   6500.3
376   0.166     0.000     82.153  0.000   0.000   0.000   88.771  99.881   6456.7   6517.5
377   0.206     0.000     82.140  0.000   0.000   0.000   88.771  99.873   6506.1   6523.3
378   0.169     0.000     81.899  0.000   0.000   0.000   88.779  99.873   6493.9   6528.0
379   0.173     0.000     81.878  0.000   0.000   0.000   88.779  99.873   6536.8   6533.2
380   0.196     0.000     82.014  0.000   0.000   0.000   88.763  99.873   6522.3   6485.5
381   0.182     0.000     81.935  0.000   0.000   0.000   88.771  99.873   6524.2   6464.7
382   0.179     0.000     81.784  0.000   0.000   0.000   88.747  99.873   6518.8   6478.7
383   0.182     0.000     81.931  0.000   0.000   0.000   88.739  99.873   6522.7   6481.1
384   0.184     0.000     81.939  0.000   0.000   0.000   88.731  99.873   6531.6   6545.5
385   0.181     0.000     81.858  0.000   0.000   0.000   88.731  99.873   6495.1   6553.7
386   0.179     0.000     81.593  0.000   0.000   0.000   88.731  99.873   6550.6   6526.3
387   0.174     0.000     81.868  0.000   0.000   0.000   88.707  99.881   6519.3   6545.5
388   0.176     0.000     81.914  0.000   0.000   0.000   88.699  99.873   6516.8   6550.6
389   0.192     0.000     81.982  0.000   0.000   0.000   88.699  99.873   6534.3   6599.2
390   0.182     0.000     81.972  0.000   0.000   0.000   88.707  99.873   6508.4   6542.0
391   0.182     0.000     81.742  0.000   0.000   0.000   88.691  99.881   6511.3   6549.9
392   0.188     0.000     81.591  0.000   0.000   0.000   88.699  99.881   6521.7   6569.1
393   0.209     0.000     81.602  0.000   0.000   0.000   88.691  99.873   6541.0   6548.6
394   0.201     0.000     81.968  0.000   0.000   0.000   88.691  99.873   6541.8   6540.4
395   0.165     0.000     81.659  0.000   0.000   0.000   88.691  99.873   6535.5   6540.5
396   0.183     0.000     81.796  0.000   0.000   0.000   88.683  99.873   6571.8   6514.6
397   0.186     0.000     81.773  0.000   0.000   0.000   88.683  99.873   6557.2   6544.4
398   0.195     0.000     81.909  0.000   0.000   0.000   88.683  99.873   6548.6   6530.7
399   0.187     0.000     81.965  0.000   0.000   0.000   88.683  99.881   6558.8   6543.2
400   0.174     0.000     81.999  0.000   0.000   0.000   88.683  99.873   6543.6   6515.8
401   0.177     0.000     81.743  0.000   0.000   0.000   88.699  99.881   6537.9   6524.5
402   0.192     0.000     81.726  0.000   0.000   0.000   88.707  99.873   6502.7   6537.1
403   0.197     0.000     81.835  0.000   0.000   0.000   88.707  99.873   6553.0   6535.9
404   0.177     0.000     81.802  0.000   0.000   0.000   88.723  99.873   6554.3   6545.0
405   0.194     0.000     81.777  0.000   0.000   0.000   88.715  99.873   6552.2   6548.3
406   0.180     0.000     81.815  0.000   0.000   0.000   88.723  99.873   6549.7   6519.1
407   0.176     0.000     81.986  0.000   0.000   0.000   88.707  99.873   6492.2   6514.5
408   0.177     0.000     82.232  0.000   0.000   0.000   88.707  99.881   6504.6   6508.7
409   0.172     0.000     82.100  0.000   0.000   0.000   88.691  99.873   6477.8   6523.7
410   0.172     0.000     82.125  0.000   0.000   0.000   88.691  99.881   6509.4   6495.6
411   0.187     0.000     81.901  0.000   0.000   0.000   88.699  99.873   6469.7   6484.6
412   0.193     0.000     82.115  0.000   0.000   0.000   88.747  99.873   6477.4   6502.0
413   0.175     0.000     82.172  0.000   0.000   0.000   88.755  99.873   6540.4   6540.4
414   0.187     0.000     82.126  0.000   0.000   0.000   88.755  99.873   6534.3   6490.7
415   0.188     0.000     82.082  0.000   0.000   0.000   88.755  99.873   6536.6   6533.7
416   0.173     0.000     81.986  0.000   0.000   0.000   88.779  99.873   6546.0   6528.9
417   0.194     0.000     81.886  0.000   0.000   0.000   88.787  99.873   6548.8   6543.3
418   0.175     0.000     81.888  0.000   0.000   0.000   88.771  99.873   6520.4   6556.2
419   0.178     0.000     81.910  0.000   0.000   0.000   88.763  99.873   6537.6   6506.8
420   0.185     0.000     81.980  0.000   0.000   0.000   88.763  99.873   6556.9   6549.0
421   0.176     0.000     81.926  0.000   0.000   0.000   88.755  99.873   6534.7   6535.9
422   0.179     0.000     81.992  0.000   0.000   0.000   88.755  99.873   6527.2   6526.6
423   0.157     0.000     81.843  0.000   0.000   0.000   88.747  99.873   6506.0   6480.0
424   0.176     0.000     81.860  0.000   0.000   0.000   88.739  99.873   6546.3   6538.9
425   0.158     0.000     82.221  0.000   0.000   0.000   88.731  99.873   6530.4   6536.7
426   0.165     0.000     82.134  0.000   0.000   0.000   88.731  99.873   6528.2   6529.9
427   0.155     0.000     82.097  0.000   0.000   0.000   88.731  99.873   6540.5   6484.5
428   0.173     0.000     82.065  0.000   0.000   0.000   88.723  99.873   6512.7   6545.3
429   0.172     0.000     81.994  0.000   0.000   0.000   88.731  99.873   6535.3   6518.7
430   0.164     0.000     81.994  0.000   0.000   0.000   88.739  99.873   6502.6   6500.5
431   0.170     0.000     81.992  0.000   0.000   0.000   88.739  99.873   6548.7   6553.1
432   0.168     0.000     81.982  0.000   0.000   0.000   88.731  99.873   6521.8   6524.3
433   0.168     0.000     82.033  0.000   0.000   0.000   88.739  99.873   6492.3   6545.7
434   0.174     0.000     81.875  0.000   0.000   0.000   88.739  99.873   6505.3   6513.6
435   0.181     0.000     81.815  0.000   0.000   0.000   88.739  99.873   6552.1   6535.6
436   0.175     0.000     81.852  0.000   0.000   0.000   88.739  99.873   6524.1   6550.2
437   0.173     0.000     81.867  0.000   0.000   0.000   88.747  99.873   6548.5   6524.6
438   0.166     0.000     81.862  0.000   0.000   0.000   88.739  99.873   6527.1   6509.2
439   0.166     0.000     81.905  0.000   0.000   0.000   88.739  99.873   6527.8   6549.9
440   0.186     0.000     81.948  0.000   0.000   0.000   88.739  99.873   6543.8   6510.7
441   0.162     0.000     81.961  0.000   0.000   0.000   88.739  99.873   6548.6   6496.5
442   0.172     0.000     82.050  0.000   0.000   0.000   88.739  99.873   6548.2   6515.4
443   0.168     0.000     81.835  0.000   0.000   0.000   88.747  99.873   6480.6   6526.6
444   0.162     0.000     82.012  0.000   0.000   0.000   88.747  99.873   6534.0   6499.5
445   0.156     0.000     81.899  0.000   0.000   0.000   88.731  99.873   6553.2   6517.3
446   0.169     0.000     81.972  0.000   0.000   0.000   88.731  99.873   6512.9   6530.8
447   0.172     0.000     81.787  0.000   0.000   0.000   88.731  99.873   6503.1   6550.2
448   0.177     0.000     81.836  0.000   0.000   0.000   88.723  99.873   6512.8   6518.7
449   0.163     0.000     81.888  0.000   0.000   0.000   88.707  99.873   6533.0   6524.7
450   0.163     0.000     81.932  0.000   0.000   0.000   88.715  99.881   6553.8   6548.5
451   0.167     0.000     81.895  0.000   0.000   0.000   88.715  99.873   6550.8   6523.3
452   0.180     0.000     81.997  0.000   0.000   0.000   88.715  99.873   6530.6   6522.0
453   0.186     0.000     81.779  0.000   0.000   0.000   88.715  99.873   6526.9   6517.9
454   0.174     0.000     82.070  0.000   0.000   0.000   88.715  99.881   6542.0   6536.3
455   0.162     0.000     81.984  0.000   0.000   0.000   88.723  99.873   6559.1   6546.0
456   0.171     0.000     82.270  0.000   0.000   0.000   88.707  99.873   6551.5   6554.2
457   0.154     0.000     81.721  0.000   0.000   0.000   88.731  99.873   6539.7   6532.3
458   0.170     0.000     81.787  0.000   0.000   0.000   88.715  99.873   6558.2   6554.0
459   0.166     0.000     81.869  0.000   0.000   0.000   88.747  99.873   6531.3   6527.9
460   0.182     0.000     81.967  0.000   0.000   0.000   88.739  99.873   6508.5   6554.3
461   0.162     0.000     81.890  0.000   0.000   0.000   88.731  99.873   6523.7   6534.4
462   0.168     0.000     82.012  0.000   0.000   0.000   88.715  99.873   6537.7   6515.5
463   0.165     0.000     82.061  0.000   0.000   0.000   88.699  99.873   6548.5   6556.1
464   0.159     0.000     81.942  0.000   0.000   0.000   88.691  99.873   6495.9   6543.8
465   0.154     0.000     81.961  0.000   0.000   0.000   88.691  99.873   6481.7   6458.6
466   0.153     0.000     81.751  0.000   0.000   0.000   88.691  99.873   6531.0   6504.6
467   0.167     0.000     82.025  0.000   0.000   0.000   88.683  99.873   6477.2   6520.7
468   0.144     0.000     81.794  0.000   0.000   0.000   88.683  99.873   6533.0   6529.9
469   0.158     0.000     81.933  0.000   0.000   0.000   88.683  99.873   6502.1   6458.4
470   0.173     0.000     82.006  0.000   0.000   0.000   88.683  99.873   6542.9   6469.4
471   0.163     0.000     81.950  0.000   0.000   0.000   88.675  99.873   6538.2   6519.2
472   0.173     0.000     81.976  0.000   0.000   0.000   88.659  99.873   6545.5   6519.9
473   0.157     0.000     81.935  0.000   0.000   0.000   88.675  99.873   6483.2   6528.4
474   0.158     0.000     81.982  0.000   0.000   0.000   88.675  99.873   6559.1   6530.7
475   0.165     0.000     82.078  0.000   0.000   0.000   88.667  99.873   6541.4   6555.7
476   0.150     0.000     81.856  0.000   0.000   0.000   88.659  99.873   6542.4   6554.4
477   0.158     0.000     81.890  0.000   0.000   0.000   88.659  99.873   6548.8   6524.2
478   0.159     0.000     82.008  0.000   0.000   0.000   88.691  99.873   6516.7   6527.6
479   0.159     0.000     82.194  0.000   0.000   0.000   88.683  99.873   6554.2   6517.4
480   0.155     0.000     82.076  0.000   0.000   0.000   88.683  99.881   6506.5   6552.9
481   0.164     0.000     81.968  0.000   0.000   0.000   88.675  99.873   6523.7   6507.4
482   0.160     0.000     81.967  0.000   0.000   0.000   88.659  99.873   6516.0   6504.4
483   0.144     0.000     81.942  0.000   0.000   0.000   88.636  99.873   6536.2   6528.4
484   0.155     0.000     81.836  0.000   0.000   0.000   88.636  99.873   6516.7   6541.1
485   0.170     0.000     81.816  0.000   0.000   0.000   88.644  99.873   6523.2   6552.7
486   0.164     0.000     81.941  0.000   0.000   0.000   88.636  99.881   6524.7   6505.3
487   0.157     0.000     81.982  0.000   0.000   0.000   88.636  99.873   6513.7   6552.3
488   0.153     0.000     81.954  0.000   0.000   0.000   88.628  99.881   6546.0   6520.0
489   0.155     0.000     82.127  0.000   0.000   0.000   88.636  99.881   6521.9   6522.4
490   0.172     0.000     81.962  0.000   0.000   0.000   88.628  99.881   6433.8   6509.2
491   0.163     0.000     81.695  0.000   0.000   0.000   88.620  99.881   6564.5   6552.9
492   0.158     0.000     81.766  0.000   0.000   0.000   88.612  99.873   6512.4   6543.7
493   0.157     0.000     82.067  0.000   0.000   0.000   88.612  99.873   6546.2   6505.1
494   0.153     0.000     82.170  0.000   0.000   0.000   88.604  99.873   6499.0   6546.1
495   0.155     0.000     81.743  0.000   0.000   0.000   88.596  99.873   6532.7   6527.7
496   0.159     0.000     81.858  0.000   0.000   0.000   88.596  99.873   6523.4   6503.4
497   0.149     0.000     82.018  0.000   0.000   0.000   88.596  99.881   6537.1   6498.2
498   0.148     0.000     81.816  0.000   0.000   0.000   88.588  99.873   6536.1   6539.2
499   0.159     0.000     81.992  0.000   0.000   0.000   88.588  99.873   6505.0   6527.4
500   0.138     0.000     81.875  0.000   0.000   0.000   88.588  99.873   6515.3   6497.4
501   0.141     0.000     81.984  0.000   0.000   0.000   88.580  99.873   6519.0   6512.5
502   0.150     0.000     82.123  0.000   0.000   0.000   88.580  99.873   6454.1   6488.0
503   0.142     0.000     82.072  0.000   0.000   0.000   88.588  99.873   6469.4   6576.6
504   0.147     0.000     81.899  0.000   0.000   0.000   88.596  99.873   6446.4   6519.3
505   0.157     0.000     81.890  0.000   0.000   0.000   88.580  99.873   6558.5   6563.2
506   0.170     0.000     81.811  0.000   0.000   0.000   88.580  99.873   6527.1   6527.7
507   0.169     0.000     81.913  0.000   0.000   0.000   88.580  99.873   6496.8   6529.4
508   0.145     0.000     81.899  0.000   0.000   0.000   88.572  99.873   6533.3   6524.0
509   0.167     0.000     81.848  0.000   0.000   0.000   88.564  99.873   6534.1   6520.4
510   0.156     0.000     81.960  0.000   0.000   0.000   88.564  99.873   6529.4   6518.2
511   0.162     0.000     81.965  0.000   0.000   0.000   88.564  99.873   6537.9   6501.6
512   0.157     0.000     81.993  0.000   0.000   0.000   88.572  99.873   6548.3   6556.9
513   0.149     0.000     81.952  0.000   0.000   0.000   88.580  99.873   6556.5   6544.5
514   0.149     0.000     81.886  0.000   0.000   0.000   88.580  99.873   6516.3   6547.8
515   0.155     0.000     81.963  0.000   0.000   0.000   88.588  99.873   6552.6   6500.5
516   0.145     0.000     81.907  0.000   0.000   0.000   88.588  99.873   6534.1   6507.2
517   0.158     0.000     81.952  0.000   0.000   0.000   88.588  99.873   6513.8   6501.6
518   0.145     0.000     81.655  0.000   0.000   0.000   88.588  99.873   6428.1   6468.2
519   0.133     0.000     81.760  0.000   0.000   0.000   88.580  99.873   6526.9   6523.6
520   0.148     0.000     81.734  0.000   0.000   0.000   88.588  99.873   6546.5   6550.4
521   0.144     0.000     81.935  0.000   0.000   0.000   88.596  99.873   6534.2   6536.1
522   0.171     0.000     82.006  0.000   0.000   0.000   88.588  99.873   6520.5   6481.8
523   0.147     0.000     81.854  0.000   0.000   0.000   88.580  99.873   6563.7   6516.6
524   0.151     0.000     81.854  0.000   0.000   0.000   88.588  99.873   6511.4   6528.7
525   0.140     0.000     81.753  0.000   0.000   0.000   88.572  99.873   6541.7   6510.4
526   0.154     0.000     81.681  0.000   0.000   0.000   88.580  99.873   6543.0   6500.2
527   0.152     0.000     81.839  0.000   0.000   0.000   88.564  99.873   6532.1   6549.8
528   0.151     0.000     81.954  0.000   0.000   0.000   88.564  99.873   6502.0   6516.5
529   0.152     0.000     81.884  0.000   0.000   0.000   88.580  99.873   6564.0   6520.0
530   0.144     0.000     81.888  0.000   0.000   0.000   88.556  99.873   6543.6   6514.1
531   0.149     0.000     82.102  0.000   0.000   0.000   88.548  99.873   6477.1   6504.6
532   0.153     0.000     81.546  0.000   0.000   0.000   88.532  99.873   6418.8   6489.0
533   0.147     0.000     81.937  0.000   0.000   0.000   88.524  99.873   6510.9   6514.3
534   0.138     0.000     81.755  0.000   0.000   0.000   88.517  99.873   6550.0   6512.8
535   0.145     0.000     81.802  0.000   0.000   0.000   88.517  99.873   6524.5   6551.2
536   0.138     0.000     82.029  0.000   0.000   0.000   88.517  99.873   6496.6   6508.3
537   0.138     0.000     81.869  0.000   0.000   0.000   88.524  99.873   6527.3   6542.3
538   0.151     0.000     82.099  0.000   0.000   0.000   88.517  99.873   6537.0   6561.1
539   0.164     0.000     81.937  0.000   0.000   0.000   88.517  99.873   6515.1   6555.5
540   0.150     0.000     81.753  0.000   0.000   0.000   88.524  99.873   6551.3   6542.5
541   0.150     0.000     81.911  0.000   0.000   0.000   88.524  99.873   6545.9   6516.7
542   0.149     0.000     81.945  0.000   0.000   0.000   88.532  99.881   6537.3   6526.1
543   0.140     0.000     82.012  0.000   0.000   0.000   88.532  99.873   6544.4   6546.0
544   0.138     0.000     81.820  0.000   0.000   0.000   88.532  99.873   6470.8   6526.3
545   0.155     0.000     81.837  0.000   0.000   0.000   88.540  99.873   6529.4   6519.7
546   0.161     0.000     81.852  0.000   0.000   0.000   88.540  99.873   6488.8   6508.5
547   0.142     0.000     81.687  0.000   0.000   0.000   88.532  99.873   6545.4   6550.1
548   0.150     0.000     81.845  0.000   0.000   0.000   88.532  99.873   6564.6   6539.6
549   0.150     0.000     81.943  0.000   0.000   0.000   88.532  99.873   6546.4   6542.8
550   0.144     0.000     81.864  0.000   0.000   0.000   88.548  99.881   6540.4   6501.7
551   0.154     0.000     81.973  0.000   0.000   0.000   88.556  99.881   6534.8   6518.6
552   0.140     0.000     81.866  0.000   0.000   0.000   88.556  99.873   6499.6   6541.3
553   0.141     0.000     81.746  0.000   0.000   0.000   88.572  99.881   6553.2   6554.7
554   0.155     0.000     81.856  0.000   0.000   0.000   88.580  99.881   6544.3   6520.3
555   0.148     0.000     81.943  0.000   0.000   0.000   88.580  99.873   6560.4   6546.2
556   0.134     0.000     81.920  0.000   0.000   0.000   88.572  99.873   6503.8   6525.3
557   0.137     0.000     81.867  0.000   0.000   0.000   88.572  99.873   6560.2   6527.0
558   0.141     0.000     81.920  0.000   0.000   0.000   88.580  99.873   6535.1   6515.6
559   0.124     0.000     82.097  0.000   0.000   0.000   88.572  99.873   6525.9   6555.7
560   0.147     0.000     81.999  0.000   0.000   0.000   88.556  99.873   6465.6   6514.3
561   0.137     0.000     82.021  0.000   0.000   0.000   88.564  99.873   6568.0   6534.0
562   0.139     0.000     81.743  0.000   0.000   0.000   88.564  99.873   6522.5   6526.5
563   0.137     0.000     81.909  0.000   0.000   0.000   88.572  99.873   6458.1   6512.3
564   0.144     0.000     81.993  0.000   0.000   0.000   88.564  99.873   6491.8   6511.5
565   0.137     0.000     81.960  0.000   0.000   0.000   88.548  99.873   6524.3   6508.1
566   0.148     0.000     82.039  0.000   0.000   0.000   88.556  99.873   6535.3   6547.9
567   0.140     0.000     82.166  0.000   0.000   0.000   88.548  99.873   6537.9   6512.4
568   0.143     0.000     82.079  0.000   0.000   0.000   88.540  99.873   6542.7   6522.6
569   0.132     0.000     82.057  0.000   0.000   0.000   88.532  99.873   6544.1   6547.4
570   0.156     0.000     82.032  0.000   0.000   0.000   88.524  99.873   6538.4   6536.8
571   0.144     0.000     82.035  0.000   0.000   0.000   88.524  99.873   6538.4   6533.5
572   0.144     0.000     81.828  0.000   0.000   0.000   88.517  99.873   6522.5   6566.6
573   0.148     0.000     82.003  0.000   0.000   0.000   88.517  99.873   6531.5   6546.8
574   0.134     0.000     81.946  0.000   0.000   0.000   88.517  99.873   6516.4   6541.6
575   0.138     0.000     81.954  0.000   0.000   0.000   88.517  99.873   6515.1   6521.1
576   0.128     0.000     81.600  0.000   0.000   0.000   88.517  99.873   6527.1   6539.2
577   0.127     0.000     81.972  0.000   0.000   0.000   88.509  99.873   6540.7   6550.5
578   0.133     0.000     82.061  0.000   0.000   0.000   88.532  99.873   6486.8   6540.5
579   0.139     0.000     81.858  0.000   0.000   0.000   88.532  99.873   6555.8   6530.2
580   0.132     0.000     82.115  0.000   0.000   0.000   88.532  99.873   6561.5   6553.3
581   0.143     0.000     81.954  0.000   0.000   0.000   88.532  99.873   6538.3   6545.9
582   0.137     0.000     81.747  0.000   0.000   0.000   88.532  99.873   6541.4   6553.4
583   0.121     0.000     81.993  0.000   0.000   0.000   88.548  99.873   6562.9   6560.4
584   0.144     0.000     81.863  0.000   0.000   0.000   88.548  99.873   6534.7   6549.6
585   0.143     0.000     81.978  0.000   0.000   0.000   88.564  99.873   6543.4   6544.0
586   0.138     0.000     81.984  0.000   0.000   0.000   88.548  99.873   6545.7   6546.7
587   0.144     0.000     81.978  0.000   0.000   0.000   88.548  99.873   6550.9   6571.4
588   0.120     0.000     82.249  0.000   0.000   0.000   88.532  99.873   6552.2   6553.7
589   0.143     0.000     82.151  0.000   0.000   0.000   88.532  99.873   6545.8   6513.1
590   0.137     0.000     82.025  0.000   0.000   0.000   88.540  99.873   6559.6   6562.3
591   0.131     0.000     81.989  0.000   0.000   0.000   88.540  99.873   6533.6   6507.4
592   0.129     0.000     81.963  0.000   0.000   0.000   88.532  99.873   6533.1   6550.5
593   0.143     0.000     81.936  0.000   0.000   0.000   88.532  99.873   6539.1   6557.1
594   0.130     0.000     81.925  0.000   0.000   0.000   88.524  99.873   6521.2   6540.8
595   0.142     0.000     82.105  0.000   0.000   0.000   88.524  99.873   6505.7   6552.5
596   0.133     0.000     82.015  0.000   0.000   0.000   88.517  99.873   6518.0   6540.0
597   0.128     0.000     82.104  0.000   0.000   0.000   88.517  99.873   6540.8   6543.8
598   0.135     0.000     82.183  0.000   0.000   0.000   88.532  99.873   6532.1   6568.7
599   0.129     0.000     81.968  0.000   0.000   0.000   88.540  99.873   6515.2   6550.5
600   0.128     0.000     82.045  0.000   0.000   0.000   88.532  99.873   6566.4   6531.6
601   0.134     0.000     81.936  0.000   0.000   0.000   88.532  99.873   6531.2   6520.1
602   0.130     0.000     82.051  0.000   0.000   0.000   88.532  99.873   6522.3   6519.6
603   0.131     0.000     81.980  0.000   0.000   0.000   88.532  99.873   6493.7   6559.7
604   0.125     0.000     81.875  0.000   0.000   0.000   88.524  99.873   6538.8   6521.5
605   0.130     0.000     82.042  0.000   0.000   0.000   88.532  99.873   6523.4   6528.8
606   0.138     0.000     81.927  0.000   0.000   0.000   88.524  99.873   6519.4   6533.8
607   0.140     0.000     81.869  0.000   0.000   0.000   88.524  99.873   6509.9   6515.6
608   0.129     0.000     81.527  0.000   0.000   0.000   88.532  99.873   6513.8   6509.3
609   0.127     0.000     81.756  0.000   0.000   0.000   88.524  99.873   6526.0   6537.1
610   0.128     0.000     81.762  0.000   0.000   0.000   88.540  99.873   6536.1   6505.5
611   0.145     0.000     81.613  0.000   0.000   0.000   88.517  99.873   6544.7   6450.4
612   0.133     0.000     81.880  0.000   0.000   0.000   88.524  99.873   6531.1   6504.4
613   0.142     0.000     81.755  0.000   0.000   0.000   88.517  99.873   6506.5   6509.2
614   0.137     0.000     81.871  0.000   0.000   0.000   88.524  99.873   6538.2   6530.0
615   0.140     0.000     81.770  0.000   0.000   0.000   88.532  99.873   6527.0   6512.3
616   0.129     0.000     81.692  0.000   0.000   0.000   88.532  99.873   6479.4   6560.1
617   0.131     0.000     81.766  0.000   0.000   0.000   88.524  99.873   6553.0   6523.2
618   0.137     0.000     81.692  0.000   0.000   0.000   88.517  99.873   6551.0   6526.8
619   0.136     0.000     81.649  0.000   0.000   0.000   88.517  99.873   6537.4   6476.5
620   0.142     0.000     81.593  0.000   0.000   0.000   88.509  99.873   6500.6   6489.5
621   0.134     0.000     81.555  0.000   0.000   0.000   88.509  99.873   6527.1   6536.9
622   0.128     0.000     81.292  0.000   0.000   0.000   88.485  99.873   6541.3   6501.0
623   0.135     0.000     81.446  0.000   0.000   0.000   88.485  99.873   6534.4   6497.2
624   0.123     0.000     81.476  0.000   0.000   0.000   88.493  99.873   6520.4   6524.7
625   0.143     0.000     81.463  0.000   0.000   0.000   88.493  99.873   6554.0   6527.3
626   0.118     0.000     81.492  0.000   0.000   0.000   88.509  99.873   6554.0   6548.8
627   0.131     0.000     81.467  0.000   0.000   0.000   88.517  99.873   6549.2   6549.2
628   0.127     0.000     81.568  0.000   0.000   0.000   88.517  99.873   6512.4   6549.5
629   0.124     0.000     81.593  0.000   0.000   0.000   88.517  99.873   6559.3   6516.8
630   0.126     0.000     81.523  0.000   0.000   0.000   88.517  99.873   6544.3   6541.9
631   0.127     0.000     81.574  0.000   0.000   0.000   88.524  99.873   6509.5   6514.3
632   0.127     0.000     81.627  0.000   0.000   0.000   88.524  99.873   6468.9   6541.8
633   0.145     0.000     81.441  0.000   0.000   0.000   88.509  99.873   6525.7   6510.3
634   0.124     0.000     81.431  0.000   0.000   0.000   88.509  99.873   6512.4   6514.1
635   0.147     0.000     81.621  0.000   0.000   0.000   88.501  99.873   6534.2   6514.6
636   0.137     0.000     81.813  0.000   0.000   0.000   88.501  99.873   6546.6   6541.1
637   0.132     0.000     81.666  0.000   0.000   0.000   88.501  99.873   6538.0   6485.8
638   0.128     0.000     81.799  0.000   0.000   0.000   88.501  99.873   6539.5   6526.9
639   0.124     0.000     81.875  0.000   0.000   0.000   88.509  99.873   6552.8   6543.5
640   0.112     0.000     81.770  0.000   0.000   0.000   88.517  99.873   6539.9   6550.9
641   0.117     0.000     81.837  0.000   0.000   0.000   88.501  99.873   6542.3   6549.1
642   0.132     0.000     81.567  0.000   0.000   0.000   88.509  99.873   6506.5   6522.8
643   0.123     0.000     81.615  0.000   0.000   0.000   88.524  99.873   6546.8   6532.2
644   0.122     0.000     81.568  0.000   0.000   0.000   88.532  99.873   6553.5   6517.2
645   0.118     0.000     81.679  0.000   0.000   0.000   88.524  99.873   6558.0   6536.2
646   0.132     0.000     81.659  0.000   0.000   0.000   88.532  99.873   6558.0   6524.2
647   0.121     0.000     81.691  0.000   0.000   0.000   88.532  99.873   6511.8   6534.8
648   0.128     0.000     81.803  0.000   0.000   0.000   88.532  99.873   6557.6   6543.0
649   0.110     0.000     81.925  0.000   0.000   0.000   88.532  99.873   6514.0   6485.9
650   0.136     0.000     81.893  0.000   0.000   0.000   88.532  99.873   6533.7   6557.3
651   0.137     0.000     81.924  0.000   0.000   0.000   88.532  99.873   6554.7   6464.2
652   0.118     0.000     81.723  0.000   0.000   0.000   88.532  99.873   6538.5   6509.1
653   0.122     0.000     81.831  0.000   0.000   0.000   88.540  99.873   6551.1   6532.1
654   0.118     0.000     81.865  0.000   0.000   0.000   88.524  99.873   6526.7   6527.6
655   0.119     0.000     81.877  0.000   0.000   0.000   88.524  99.873   6545.1   6512.5
656   0.148     0.000     82.029  0.000   0.000   0.000   88.524  99.873   6513.7   6507.5
657   0.132     0.000     82.021  0.000   0.000   0.000   88.524  99.873   6544.8   6485.9
658   0.120     0.000     81.957  0.000   0.000   0.000   88.524  99.873   6535.2   6534.2
659   0.137     0.000     82.030  0.000   0.000   0.000   88.524  99.873   6484.3   6540.8
660   0.109     0.000     81.907  0.000   0.000   0.000   88.524  99.873   6523.9   6549.3
661   0.124     0.000     81.861  0.000   0.000   0.000   88.524  99.873   6544.8   6551.4
662   0.129     0.000     81.771  0.000   0.000   0.000   88.524  99.873   6560.0   6551.2
663   0.132     0.000     81.653  0.000   0.000   0.000   88.524  99.873   6541.0   6559.5
664   0.136     0.000     81.760  0.000   0.000   0.000   88.517  99.873   6553.5   6532.8
665   0.134     0.000     81.892  0.000   0.000   0.000   88.509  99.873   6517.5   6549.5
666   0.122     0.000     81.779  0.000   0.000   0.000   88.493  99.873   6546.6   6540.6
667   0.124     0.000     81.767  0.000   0.000   0.000   88.485  99.873   6538.7   6563.6
668   0.113     0.000     81.753  0.000   0.000   0.000   88.493  99.873   6505.4   6561.4
669   0.138     0.000     81.991  0.000   0.000   0.000   88.493  99.873   6541.4   6536.0
670   0.121     0.000     81.901  0.000   0.000   0.000   88.493  99.873   6542.2   6527.6
671   0.124     0.000     81.955  0.000   0.000   0.000   88.493  99.873   6536.6   6527.0
672   0.116     0.000     81.828  0.000   0.000   0.000   88.501  99.873   6514.8   6545.8
673   0.128     0.000     81.954  0.000   0.000   0.000   88.485  99.873   6558.1   6521.7
674   0.127     0.000     81.968  0.000   0.000   0.000   88.493  99.873   6559.2   6546.6
675   0.122     0.000     81.908  0.000   0.000   0.000   88.493  99.873   6528.8   6468.5
676   0.133     0.000     81.884  0.000   0.000   0.000   88.493  99.873   6523.6   6547.5
677   0.114     0.000     81.833  0.000   0.000   0.000   88.493  99.873   6547.3   6515.8
678   0.116     0.000     81.852  0.000   0.000   0.000   88.493  99.873   6504.3   6488.9
679   0.117     0.000     81.914  0.000   0.000   0.000   88.485  99.873   6525.4   6558.4
680   0.127     0.000     81.871  0.000   0.000   0.000   88.493  99.873   6535.0   6542.3
681   0.135     0.000     81.818  0.000   0.000   0.000   88.493  99.873   6531.4   6540.1
682   0.135     0.000     81.809  0.000   0.000   0.000   88.485  99.873   6529.0   6522.0
683   0.129     0.000     81.728  0.000   0.000   0.000   88.485  99.873   6565.4   6545.0
684   0.117     0.000     81.939  0.000   0.000   0.000   88.485  99.873   6519.8   6523.9
685   0.115     0.000     82.166  0.000   0.000   0.000   88.493  99.873   6559.4   6564.4
686   0.123     0.000     82.038  0.000   0.000   0.000   88.485  99.881   6523.1   6559.0
687   0.123     0.000     81.974  0.000   0.000   0.000   88.485  99.873   6443.5   6550.8
688   0.132     0.000     81.875  0.000   0.000   0.000   88.477  99.873   6518.9   6515.0
689   0.128     0.000     81.920  0.000   0.000   0.000   88.469  99.873   6525.2   6517.6
690   0.124     0.000     81.881  0.000   0.000   0.000   88.469  99.881   6503.9   6537.8
691   0.127     0.000     81.800  0.000   0.000   0.000   88.469  99.873   6529.7   6505.1
692   0.112     0.000     81.982  0.000   0.000   0.000   88.461  99.873   6528.1   6568.0
693   0.116     0.000     82.018  0.000   0.000   0.000   88.461  99.873   6556.7   6516.2
694   0.120     0.000     82.040  0.000   0.000   0.000   88.469  99.873   6552.3   6560.8
695   0.129     0.000     81.899  0.000   0.000   0.000   88.469  99.873   6498.8   6546.6
696   0.118     0.000     81.799  0.000   0.000   0.000   88.469  99.873   6564.6   6559.9
697   0.131     0.000     81.856  0.000   0.000   0.000   88.461  99.881   6529.3   6543.1
698   0.121     0.000     82.002  0.000   0.000   0.000   88.469  99.873   6504.7   6527.1
699   0.125     0.000     81.737  0.000   0.000   0.000   88.469  99.881   6517.9   6547.5
700   0.126     0.000     81.831  0.000   0.000   0.000   88.469  99.873   6520.5   6525.9
701   0.120     0.000     81.854  0.000   0.000   0.000   88.469  99.881   6532.1   6526.3
702   0.122     0.000     81.892  0.000   0.000   0.000   88.469  99.881   6494.9   6523.2
703   0.133     0.000     81.901  0.000   0.000   0.000   88.477  99.881   6511.2   6503.9
704   0.123     0.000     81.747  0.000   0.000   0.000   88.469  99.881   6524.2   6527.9
705   0.106     0.000     81.982  0.000   0.000   0.000   88.453  99.881   6513.1   6514.6
706   0.128     0.000     82.000  0.000   0.000   0.000   88.461  99.873   6468.6   6496.0
707   0.123     0.000     81.933  0.000   0.000   0.000   88.453  99.881   6476.6   6508.3
708   0.119     0.000     81.721  0.000   0.000   0.000   88.461  99.873   6488.4   6513.8
709   0.113     0.000     81.942  0.000   0.000   0.000   88.461  99.873   6500.4   6528.2
710   0.105     0.000     82.038  0.000   0.000   0.000   88.477  99.873   6508.4   6521.5
711   0.111     0.000     81.813  0.000   0.000   0.000   88.477  99.881   6523.0   6516.4
712   0.112     0.000     81.835  0.000   0.000   0.000   88.477  99.881   6488.4   6502.1
713   0.109     0.000     81.773  0.000   0.000   0.000   88.477  99.881   6515.1   6495.1
714   0.120     0.000     81.771  0.000   0.000   0.000   88.477  99.881   6535.7   6535.7
715   0.122     0.000     81.788  0.000   0.000   0.000   88.477  99.881   6535.4   6536.0
716   0.116     0.000     81.798  0.000   0.000   0.000   88.477  99.881   6532.9   6510.1
717   0.110     0.000     81.666  0.000   0.000   0.000   88.485  99.881   6500.3   6521.1
718   0.115     0.000     81.646  0.000   0.000   0.000   88.485  99.881   6522.0   6479.4
719   0.127     0.000     81.799  0.000   0.000   0.000   88.477  99.881   6525.2   6533.3
720   0.124     0.000     81.773  0.000   0.000   0.000   88.485  99.881   6519.4   6517.7
721   0.134     0.000     81.824  0.000   0.000   0.000   88.477  99.873   6527.2   6520.7
722   0.117     0.000     81.794  0.000   0.000   0.000   88.477  99.881   6536.2   6492.7
723   0.132     0.000     81.950  0.000   0.000   0.000   88.469  99.881   6522.5   6512.0
724   0.123     0.000     81.820  0.000   0.000   0.000   88.469  99.881   6539.6   6511.9
725   0.128     0.000     81.822  0.000   0.000   0.000   88.477  99.881   6538.9   6532.1
726   0.113     0.000     81.734  0.000   0.000   0.000   88.477  99.873   6502.4   6516.4
727   0.119     0.000     81.813  0.000   0.000   0.000   88.477  99.873   6544.0   6478.8
728   0.126     0.000     81.816  0.000   0.000   0.000   88.485  99.873   6486.5   6493.5
729   0.102     0.000     81.952  0.000   0.000   0.000   88.485  99.873   6518.9   6520.0
730   0.109     0.000     81.781  0.000   0.000   0.000   88.485  99.873   6558.9   6521.7
731   0.107     0.000     81.893  0.000   0.000   0.000   88.485  99.881   6540.8   6486.9
732   0.102     0.000     81.619  0.000   0.000   0.000   88.485  99.881   6526.9   6516.3
733   0.111     0.000     81.683  0.000   0.000   0.000   88.485  99.873   6520.2   6539.2
734   0.121     0.000     81.957  0.000   0.000   0.000   88.485  99.873   6528.1   6545.3
735   0.115     0.000     81.820  0.000   0.000   0.000   88.485  99.881   6546.2   6542.5
736   0.128     0.000     81.888  0.000   0.000   0.000   88.485  99.881   6550.5   6498.5
737   0.124     0.000     81.732  0.000   0.000   0.000   88.477  99.881   6493.9   6527.3
738   0.122     0.000     81.892  0.000   0.000   0.000   88.477  99.881   6540.2   6522.6
739   0.105     0.000     81.929  0.000   0.000   0.000   88.477  99.881   6508.8   6550.5
740   0.118     0.000     81.893  0.000   0.000   0.000   88.477  99.881   6535.6   6482.6
741   0.118     0.000     82.162  0.000   0.000   0.000   88.477  99.881   6529.7   6511.3
742   0.124     0.000     81.930  0.000   0.000   0.000   88.485  99.881   6560.9   6574.6
743   0.126     0.000     81.963  0.000   0.000   0.000   88.485  99.881   6509.7   6531.1
744   0.127     0.000     81.982  0.000   0.000   0.000   88.485  99.873   6556.8   6547.4
745   0.116     0.000     82.093  0.000   0.000   0.000   88.477  99.873   6539.3   6544.8
746   0.113     0.000     82.333  0.000   0.000   0.000   88.485  99.873   6520.3   6531.1
747   0.115     0.000     82.168  0.000   0.000   0.000   88.477  99.881   6523.3   6556.9
748   0.129     0.000     82.102  0.000   0.000   0.000   88.469  99.881   6556.9   6531.2
749   0.120     0.000     82.102  0.000   0.000   0.000   88.461  99.881   6503.0   6548.8
750   0.112     0.000     81.881  0.000   0.000   0.000   88.453  99.873   6561.0   6573.0
751   0.106     0.000     81.982  0.000   0.000   0.000   88.453  99.873   6528.8   6519.8
752   0.104     0.000     81.869  0.000   0.000   0.000   88.469  99.873   6495.0   6523.8
753   0.116     0.000     82.014  0.000   0.000   0.000   88.469  99.873   6562.3   6535.5
754   0.113     0.000     82.027  0.000   0.000   0.000   88.469  99.881   6558.4   6563.5
755   0.121     0.000     81.957  0.000   0.000   0.000   88.469  99.881   6541.9   6542.3
756   0.106     0.000     81.967  0.000   0.000   0.000   88.477  99.873   6522.4   6565.8
757   0.115     0.000     81.828  0.000   0.000   0.000   88.469  99.873   6521.4   6536.2
758   0.130     0.000     81.921  0.000   0.000   0.000   88.469  99.873   6526.7   6523.7
759   0.102     0.000     81.787  0.000   0.000   0.000   88.485  99.873   6508.9   6524.8
760   0.104     0.000     82.126  0.000   0.000   0.000   88.485  99.881   6510.5   6532.1
761   0.096     0.000     81.922  0.000   0.000   0.000   88.493  99.873   6542.3   6507.9
762   0.115     0.000     81.895  0.000   0.000   0.000   88.493  99.873   6536.0   6525.7
763   0.121     0.000     81.944  0.000   0.000   0.000   88.493  99.873   6486.1   6445.0
764   0.111     0.000     82.081  0.000   0.000   0.000   88.493  99.873   6528.9   6446.8
765   0.129     0.000     82.224  0.000   0.000   0.000   88.493  99.873   6549.3   6419.6
766   0.105     0.000     82.055  0.000   0.000   0.000   88.493  99.873   6540.7   6498.0
767   0.109     0.000     82.145  0.000   0.000   0.000   88.501  99.873   6549.1   6489.2
768   0.111     0.000     82.136  0.000   0.000   0.000   88.501  99.873   6476.2   6499.8
769   0.134     0.000     82.018  0.000   0.000   0.000   88.485  99.873   6501.7   6514.1
770   0.117     0.000     82.207  0.000   0.000   0.000   88.477  99.873   6510.5   6546.2
771   0.103     0.000     82.021  0.000   0.000   0.000   88.477  99.865   6515.3   6525.7
772   0.120     0.000     81.972  0.000   0.000   0.000   88.485  99.873   6455.0   6508.0
773   0.110     0.000     82.000  0.000   0.000   0.000   88.485  99.873   6505.9   6478.4
774   0.120     0.000     81.920  0.000   0.000   0.000   88.485  99.873   6512.8   6472.7
775   0.112     0.000     81.841  0.000   0.000   0.000   88.477  99.873   6523.5   6515.5
776   0.104     0.000     81.888  0.000   0.000   0.000   88.485  99.873   6550.4   6517.7
777   0.116     0.000     81.860  0.000   0.000   0.000   88.485  99.873   6540.0   6535.8
778   0.116     0.000     81.720  0.000   0.000   0.000   88.485  99.873   6554.9   6513.1
779   0.100     0.000     81.869  0.000   0.000   0.000   88.485  99.873   6560.6   6513.6
780   0.092     0.000     82.137  0.000   0.000   0.000   88.485  99.873   6546.1   6550.8
781   0.103     0.000     82.181  0.000   0.000   0.000   88.501  99.873   6519.1   6543.2
782   0.112     0.000     82.006  0.000   0.000   0.000   88.501  99.873   6514.8   6524.1
783   0.118     0.000     81.940  0.000   0.000   0.000   88.501  99.873   6511.1   6554.7
784   0.117     0.000     81.980  0.000   0.000   0.000   88.501  99.873   6498.5   6550.3
785   0.117     0.000     81.989  0.000   0.000   0.000   88.493  99.873   6535.5   6531.5
786   0.107     0.000     81.935  0.000   0.000   0.000   88.493  99.873   6488.8   6532.7
787   0.111     0.000     82.040  0.000   0.000   0.000   88.493  99.873   6516.6   6502.7
788   0.112     0.000     81.970  0.000   0.000   0.000   88.485  99.873   6531.3   6516.9
789   0.098     0.000     81.950  0.000   0.000   0.000   88.485  99.873   6512.8   6488.9
790   0.109     0.000     81.942  0.000   0.000   0.000   88.485  99.873   6552.3   6546.9
791   0.104     0.000     82.025  0.000   0.000   0.000   88.477  99.873   6519.6   6508.1
792   0.101     0.000     81.980  0.000   0.000   0.000   88.477  99.873   6543.7   6567.8
793   0.114     0.000     81.839  0.000   0.000   0.000   88.477  99.873   6534.5   6555.5
794   0.112     0.000     81.999  0.000   0.000   0.000   88.477  99.873   6520.8   6548.4
795   0.109     0.000     81.683  0.000   0.000   0.000   88.477  99.873   6557.9   6551.8
796   0.115     0.000     81.972  0.000   0.000   0.000   88.477  99.873   6548.3   6559.0
797   0.120     0.000     82.019  0.000   0.000   0.000   88.477  99.873   6487.6   6517.9
798   0.102     0.000     82.077  0.000   0.000   0.000   88.477  99.873   6517.7   6492.7
799   0.105     0.000     82.196  0.000   0.000   0.000   88.477  99.873   6502.5   6480.6
800   0.117     0.000     82.000  0.000   0.000   0.000   88.477  99.873   6546.1   6533.4
801   0.112     0.000     82.089  0.000   0.000   0.000   88.477  99.873   6521.0   6497.9
802   0.118     0.000     82.044  0.000   0.000   0.000   88.485  99.873   6536.5   6534.4
803   0.119     0.000     82.119  0.000   0.000   0.000   88.477  99.873   6533.7   6501.6
804   0.114     0.000     82.057  0.000   0.000   0.000   88.477  99.873   6513.6   6523.7
805   0.117     0.000     82.019  0.000   0.000   0.000   88.477  99.873   6527.2   6472.1
806   0.104     0.000     82.017  0.000   0.000   0.000   88.477  99.873   6535.1   6528.8
807   0.105     0.000     82.006  0.000   0.000   0.000   88.469  99.873   6520.1   6521.2
808   0.101     0.000     82.081  0.000   0.000   0.000   88.469  99.873   6491.2   6447.4
809   0.107     0.000     81.959  0.000   0.000   0.000   88.469  99.873   6515.3   6489.5
810   0.108     0.000     82.034  0.000   0.000   0.000   88.469  99.873   6534.5   6501.3
811   0.105     0.000     82.222  0.000   0.000   0.000   88.485  99.873   6514.3   6500.4
812   0.121     0.000     82.265  0.000   0.000   0.000   88.485  99.873   6521.7   6519.4
813   0.120     0.000     82.029  0.000   0.000   0.000   88.477  99.873   6541.3   6507.9
814   0.107     0.000     82.286  0.000   0.000   0.000   88.485  99.873   6532.0   6538.7
815   0.111     0.000     82.029  0.000   0.000   0.000   88.485  99.873   6514.9   6541.7
816   0.127     0.000     82.006  0.000   0.000   0.000   88.477  99.873   6519.9   6491.1
817   0.103     0.000     82.139  0.000   0.000   0.000   88.477  99.873   6521.7   6499.2
818   0.110     0.000     82.171  0.000   0.000   0.000   88.485  99.873   6528.9   6530.8
819   0.119     0.000     82.100  0.000   0.000   0.000   88.485  99.873   6537.3   6514.7
820   0.113     0.000     81.987  0.000   0.000   0.000   88.501  99.873   6508.9   6526.2
821   0.111     0.000     81.893  0.000   0.000   0.000   88.493  99.873   6520.4   6521.3
822   0.101     0.000     81.954  0.000   0.000   0.000   88.493  99.873   6524.7   6550.5
823   0.110     0.000     81.893  0.000   0.000   0.000   88.501  99.873   6506.5   6499.4
824   0.107     0.000     81.923  0.000   0.000   0.000   88.493  99.873   6473.2   6504.3
825   0.110     0.000     81.749  0.000   0.000   0.000   88.501  99.873   6497.4   6484.5
826   0.114     0.000     81.799  0.000   0.000   0.000   88.493  99.873   6495.8   6509.9
827   0.112     0.000     81.781  0.000   0.000   0.000   88.493  99.873   6520.4   6498.4
828   0.105     0.000     81.897  0.000   0.000   0.000   88.493  99.873   6513.7   6525.4
829   0.114     0.000     81.918  0.000   0.000   0.000   88.501  99.873   6487.2   6505.2
830   0.099     0.000     81.974  0.000   0.000   0.000   88.509  99.873   6511.2   6499.0
831   0.109     0.000     81.606  0.000   0.000   0.000   88.509  99.873   6537.8   6522.8
832   0.102     0.000     81.533  0.000   0.000   0.000   88.509  99.873   6464.1   6508.8
833   0.099     0.000     81.820  0.000   0.000   0.000   88.509  99.873   6430.3   6475.5
834   0.103     0.000     81.962  0.000   0.000   0.000   88.509  99.873   6536.9   6500.0
835   0.110     0.000     82.021  0.000   0.000   0.000   88.509  99.873   6537.8   6516.1
836   0.105     0.000     81.918  0.000   0.000   0.000   88.509  99.873   6534.8   6534.7
837   0.114     0.000     82.002  0.000   0.000   0.000   88.517  99.873   6528.3   6537.3
838   0.118     0.000     81.950  0.000   0.000   0.000   88.517  99.873   6547.3   6528.5
839   0.105     0.000     81.796  0.000   0.000   0.000   88.517  99.881   6529.9   6515.6
840   0.106     0.000     81.903  0.000   0.000   0.000   88.509  99.873   6514.5   6524.2
841   0.103     0.000     81.871  0.000   0.000   0.000   88.509  99.873   6502.0   6518.5
842   0.110     0.000     81.854  0.000   0.000   0.000   88.501  99.873   6517.6   6502.7
843   0.103     0.000     81.934  0.000   0.000   0.000   88.501  99.873   6542.3   6541.2
844   0.098     0.000     81.767  0.000   0.000   0.000   88.501  99.873   6511.2   6545.6
845   0.104     0.000     81.688  0.000   0.000   0.000   88.493  99.873   6514.9   6532.2
846   0.111     0.000     81.970  0.000   0.000   0.000   88.493  99.873   6527.8   6516.9
847   0.109     0.000     81.940  0.000   0.000   0.000   88.493  99.873   6521.3   6502.2
848   0.106     0.000     81.987  0.000   0.000   0.000   88.485  99.873   6531.8   6519.4
849   0.099     0.000     81.786  0.000   0.000   0.000   88.485  99.873   6534.9   6548.1
850   0.100     0.000     82.040  0.000   0.000   0.000   88.477  99.873   6509.2   6517.4
851   0.104     0.000     82.059  0.000   0.000   0.000   88.477  99.881   6485.2   6522.6
852   0.106     0.000     81.951  0.000   0.000   0.000   88.477  99.881   6491.1   6536.4
853   0.098     0.000     82.167  0.000   0.000   0.000   88.477  99.873   6533.7   6528.8
854   0.104     0.000     81.961  0.000   0.000   0.000   88.485  99.873   6535.4   6539.3
855   0.103     0.000     82.117  0.000   0.000   0.000   88.485  99.873   6531.4   6505.3
856   0.097     0.000     82.015  0.000   0.000   0.000   88.485  99.873   6515.4   6522.6
857   0.104     0.000     81.794  0.000   0.000   0.000   88.469  99.881   6514.3   6520.9
858   0.085     0.000     81.903  0.000   0.000   0.000   88.461  99.873   6507.6   6522.7
859   0.097     0.000     81.931  0.000   0.000   0.000   88.469  99.881   6527.4   6516.5
860   0.106     0.000     81.940  0.000   0.000   0.000   88.469  99.881   6507.7   6507.5
861   0.107     0.000     82.017  0.000   0.000   0.000   88.469  99.873   6492.0   6516.6
862   0.111     0.000     82.091  0.000   0.000   0.000   88.461  99.881   6511.7   6537.0
863   0.107     0.000     81.986  0.000   0.000   0.000   88.453  99.881   6523.8   6497.8
864   0.106     0.000     81.999  0.000   0.000   0.000   88.453  99.881   6540.0   6500.8
865   0.096     0.000     81.918  0.000   0.000   0.000   88.445  99.881   6477.5   6480.6
866   0.098     0.000     81.929  0.000   0.000   0.000   88.445  99.881   6516.8   6529.2
867   0.111     0.000     81.901  0.000   0.000   0.000   88.445  99.881   6519.6   6474.7
868   0.116     0.000     81.850  0.000   0.000   0.000   88.445  99.881   6549.9   6534.7
869   0.103     0.000     81.957  0.000   0.000   0.000   88.453  99.881   6543.6   6538.0
870   0.101     0.000     81.920  0.000   0.000   0.000   88.461  99.881   6506.3   6528.8
871   0.103     0.000     81.807  0.000   0.000   0.000   88.461  99.881   6494.2   6523.7
872   0.108     0.000     81.925  0.000   0.000   0.000   88.461  99.881   6500.4   6508.2
873   0.110     0.000     81.749  0.000   0.000   0.000   88.461  99.881   6533.5   6541.0
874   0.093     0.000     81.636  0.000   0.000   0.000   88.461  99.881   6493.8   6512.1
875   0.094     0.000     81.709  0.000   0.000   0.000   88.453  99.881   6527.9   6528.2
876   0.105     0.000     81.828  0.000   0.000   0.000   88.453  99.881   6423.6   6539.4
877   0.098     0.000     81.563  0.000   0.000   0.000   88.453  99.881   6493.6   6509.1
878   0.099     0.000     81.927  0.000   0.000   0.000   88.437  99.881   6512.9   6506.4
879   0.097     0.000     81.681  0.000   0.000   0.000   88.437  99.881   6524.4   6524.0
880   0.100     0.000     81.845  0.000   0.000   0.000   88.437  99.881   6529.8   6433.5
881   0.104     0.000     81.939  0.000   0.000   0.000   88.437  99.881   6495.1   6523.7
882   0.105     0.000     81.950  0.000   0.000   0.000   88.437  99.881   6520.5   6533.1
883   0.087     0.000     81.882  0.000   0.000   0.000   88.445  99.881   6517.5   6510.1
884   0.094     0.000     81.967  0.000   0.000   0.000   88.469  99.881   6520.9   6468.6
885   0.093     0.000     81.948  0.000   0.000   0.000   88.461  99.881   6542.5   6544.4
886   0.104     0.000     82.004  0.000   0.000   0.000   88.461  99.881   6546.7   6527.1
887   0.104     0.000     82.027  0.000   0.000   0.000   88.453  99.881   6559.6   6556.0
888   0.105     0.000     82.025  0.000   0.000   0.000   88.445  99.881   6540.1   6551.8
889   0.101     0.000     81.788  0.000   0.000   0.000   88.453  99.881   6544.4   6564.6
890   0.092     0.000     81.803  0.000   0.000   0.000   88.445  99.881   6511.4   6520.2
891   0.108     0.000     81.986  0.000   0.000   0.000   88.445  99.881   6549.9   6506.5
892   0.108     0.000     81.910  0.000   0.000   0.000   88.445  99.881   6549.4   6539.2
893   0.105     0.000     81.942  0.000   0.000   0.000   88.453  99.881   6561.2   6562.2
894   0.112     0.000     81.971  0.000   0.000   0.000   88.437  99.881   6527.0   6556.2
895   0.096     0.000     82.089  0.000   0.000   0.000   88.453  99.881   6545.5   6567.1
896   0.105     0.000     81.997  0.000   0.000   0.000   88.469  99.881   6546.2   6564.2
897   0.101     0.000     81.898  0.000   0.000   0.000   88.477  99.881   6552.4   6531.0
898   0.107     0.000     81.914  0.000   0.000   0.000   88.493  99.881   6553.9   6520.1
899   0.098     0.000     81.775  0.000   0.000   0.000   88.485  99.881   6528.4   6564.6
900   0.106     0.000     81.929  0.000   0.000   0.000   88.477  99.881   6551.2   6569.7
901   0.097     0.000     82.000  0.000   0.000   0.000   88.477  99.881   6557.0   6542.7
902   0.105     0.000     81.931  0.000   0.000   0.000   88.461  99.881   6462.2   6524.2
903   0.106     0.000     81.935  0.000   0.000   0.000   88.477  99.881   6492.3   6520.7
904   0.093     0.000     82.042  0.000   0.000   0.000   88.469  99.881   6520.8   6531.1
905   0.098     0.000     82.014  0.000   0.000   0.000   88.477  99.881   6528.2   6531.1
906   0.099     0.000     81.907  0.000   0.000   0.000   88.469  99.881   6519.3   6543.2
907   0.100     0.000     81.796  0.000   0.000   0.000   88.469  99.881   6518.3   6485.7
908   0.107     0.000     81.770  0.000   0.000   0.000   88.485  99.881   6552.0   6535.6
909   0.100     0.000     81.978  0.000   0.000   0.000   88.485  99.881   6521.2   6512.7
910   0.091     0.000     81.881  0.000   0.000   0.000   88.493  99.881   6548.8   6557.6
911   0.104     0.000     82.046  0.000   0.000   0.000   88.477  99.881   6552.2   6559.7
912   0.103     0.000     81.813  0.000   0.000   0.000   88.477  99.881   6543.2   6552.6
913   0.090     0.000     81.956  0.000   0.000   0.000   88.469  99.881   6552.3   6545.3
914   0.114     0.000     81.960  0.000   0.000   0.000   88.469  99.881   6519.8   6492.7
915   0.104     0.000     81.978  0.000   0.000   0.000   88.469  99.881   6513.1   6550.9
916   0.103     0.000     81.824  0.000   0.000   0.000   88.477  99.881   6555.5   6533.5
917   0.097     0.000     81.941  0.000   0.000   0.000   88.469  99.881   6554.2   6517.6
918   0.104     0.000     81.835  0.000   0.000   0.000   88.461  99.881   6522.5   6533.4
919   0.107     0.000     81.980  0.000   0.000   0.000   88.461  99.881   6527.0   6554.6
920   0.095     0.000     81.848  0.000   0.000   0.000   88.453  99.881   6534.7   6526.2
921   0.098     0.000     81.954  0.000   0.000   0.000   88.461  99.881   6551.2   6535.8
922   0.107     0.000     81.899  0.000   0.000   0.000   88.453  99.881   6543.2   6506.6
923   0.099     0.000     82.151  0.000   0.000   0.000   88.445  99.881   6510.0   6488.7
924   0.091     0.000     82.021  0.000   0.000   0.000   88.453  99.881   6537.4   6511.9
925   0.094     0.000     81.916  0.000   0.000   0.000   88.469  99.881   6513.6   6549.5
926   0.093     0.000     81.856  0.000   0.000   0.000   88.469  99.881   6518.4   6547.4
927   0.106     0.000     81.879  0.000   0.000   0.000   88.469  99.881   6507.9   6551.0
928   0.105     0.000     82.057  0.000   0.000   0.000   88.469  99.881   6507.2   6505.0
929   0.103     0.000     82.027  0.000   0.000   0.000   88.453  99.881   6541.4   6513.4
930   0.103     0.000     81.818  0.000   0.000   0.000   88.461  99.881   6538.3   6518.5
931   0.106     0.000     81.826  0.000   0.000   0.000   88.461  99.881   6546.0   6538.2
932   0.090     0.000     81.995  0.000   0.000   0.000   88.453  99.881   6546.5   6553.6
933   0.097     0.000     81.978  0.000   0.000   0.000   88.445  99.881   6541.4   6566.7
934   0.102     0.000     81.813  0.000   0.000   0.000   88.453  99.881   6539.0   6547.5
935   0.090     0.000     81.811  0.000   0.000   0.000   88.461  99.881   6537.7   6538.6
936   0.096     0.000     81.925  0.000   0.000   0.000   88.453  99.881   6519.1   6533.7
937   0.094     0.000     81.843  0.000   0.000   0.000   88.461  99.881   6536.3   6540.5
938   0.098     0.000     81.768  0.000   0.000   0.000   88.461  99.881   6526.8   6521.6
939   0.106     0.000     81.604  0.000   0.000   0.000   88.477  99.881   6552.3   6524.8
940   0.099     0.000     81.910  0.000   0.000   0.000   88.485  99.881   6553.8   6552.7
941   0.097     0.000     81.910  0.000   0.000   0.000   88.461  99.881   6528.6   6547.5
942   0.095     0.000     81.973  0.000   0.000   0.000   88.469  99.881   6544.6   6540.4
943   0.096     0.000     82.027  0.000   0.000   0.000   88.469  99.881   6529.0   6556.5
944   0.098     0.000     82.144  0.000   0.000   0.000   88.453  99.881   6547.3   6554.4
945   0.113     0.000     82.004  0.000   0.000   0.000   88.453  99.881   6487.2   6531.1
946   0.113     0.000     82.067  0.000   0.000   0.000   88.461  99.881   6523.0   6467.3
947   0.106     0.000     81.967  0.000   0.000   0.000   88.453  99.881   6531.6   6501.4
948   0.101     0.000     81.909  0.000   0.000   0.000   88.453  99.881   6527.2   6523.2
949   0.102     0.000     81.989  0.000   0.000   0.000   88.477  99.881   6454.9   6479.4
950   0.097     0.000     81.800  0.000   0.000   0.000   88.469  99.881   6456.6   6508.3
951   0.100     0.000     81.802  0.000   0.000   0.000   88.477  99.881   6547.7   6539.2
952   0.104     0.000     81.668  0.000   0.000   0.000   88.477  99.881   6492.7   6525.4
953   0.100     0.000     81.723  0.000   0.000   0.000   88.485  99.881   6549.1   6542.3
954   0.088     0.000     81.734  0.000   0.000   0.000   88.485  99.881   6532.3   6553.4
955   0.095     0.000     81.913  0.000   0.000   0.000   88.485  99.881   6533.1   6555.3
956   0.095     0.000     81.890  0.000   0.000   0.000   88.485  99.881   6533.0   6495.6
957   0.090     0.000     81.691  0.000   0.000   0.000   88.485  99.881   6554.5   6554.1
958   0.097     0.000     81.863  0.000   0.000   0.000   88.485  99.881   6520.8   6524.5
959   0.092     0.000     81.798  0.000   0.000   0.000   88.477  99.881   6521.9   6525.7
960   0.095     0.000     81.954  0.000   0.000   0.000   88.461  99.881   6563.0   6515.6
961   0.102     0.000     81.912  0.000   0.000   0.000   88.461  99.881   6558.4   6545.1
962   0.091     0.000     81.726  0.000   0.000   0.000   88.453  99.881   6553.3   6556.4
963   0.097     0.000     81.910  0.000   0.000   0.000   88.453  99.881   6530.3   6487.6
964   0.086     0.000     81.813  0.000   0.000   0.000   88.453  99.881   6541.1   6468.6
965   0.086     0.000     82.196  0.000   0.000   0.000   88.461  99.881   6549.8   6530.0
966   0.100     0.000     81.980  0.000   0.000   0.000   88.461  99.881   6516.3   6520.1
967   0.102     0.000     81.921  0.000   0.000   0.000   88.461  99.881   6542.4   6535.6
968   0.100     0.000     81.777  0.000   0.000   0.000   88.461  99.881   6518.4   6537.8
969   0.096     0.000     81.944  0.000   0.000   0.000   88.469  99.881   6528.9   6543.0
970   0.097     0.000     81.828  0.000   0.000   0.000   88.469  99.881   6517.5   6524.1
971   0.097     0.000     81.927  0.000   0.000   0.000   88.453  99.881   6523.0   6552.3
972   0.100     0.000     81.816  0.000   0.000   0.000   88.445  99.881   6503.7   6511.5
973   0.091     0.000     82.025  0.000   0.000   0.000   88.453  99.881   6506.0   6524.0
974   0.084     0.000     81.845  0.000   0.000   0.000   88.445  99.881   6552.0   6518.0
975   0.091     0.000     81.831  0.000   0.000   0.000   88.453  99.881   6541.0   6521.0
976   0.087     0.000     82.062  0.000   0.000   0.000   88.461  99.881   6490.7   6562.8
977   0.091     0.000     81.889  0.000   0.000   0.000   88.445  99.881   6548.3   6517.8
978   0.097     0.000     81.771  0.000   0.000   0.000   88.437  99.881   6560.1   6550.3
979   0.099     0.000     81.980  0.000   0.000   0.000   88.437  99.881   6522.9   6552.0
980   0.079     0.000     81.909  0.000   0.000   0.000   88.445  99.881   6521.0   6505.4
981   0.098     0.000     81.685  0.000   0.000   0.000   88.445  99.881   6551.1   6487.0
982   0.090     0.000     81.946  0.000   0.000   0.000   88.437  99.881   6538.3   6496.5
983   0.093     0.000     82.059  0.000   0.000   0.000   88.445  99.881   6476.5   6457.0
984   0.089     0.000     81.931  0.000   0.000   0.000   88.453  99.881   6496.8   6515.4
985   0.097     0.000     82.004  0.000   0.000   0.000   88.453  99.881   6460.8   6518.4
986   0.089     0.000     82.126  0.000   0.000   0.000   88.453  99.881   6520.3   6516.9
987   0.104     0.000     81.677  0.000   0.000   0.000   88.453  99.881   6522.9   6521.6
988   0.090     0.000     81.831  0.000   0.000   0.000   88.453  99.881   6551.7   6528.6
989   0.105     0.000     81.747  0.000   0.000   0.000   88.445  99.881   6484.7   6539.8
990   0.099     0.000     81.782  0.000   0.000   0.000   88.445  99.881   6513.4   6503.1
991   0.089     0.000     81.811  0.000   0.000   0.000   88.453  99.881   6513.9   6524.4
992   0.098     0.000     81.816  0.000   0.000   0.000   88.445  99.873   6532.7   6553.3
993   0.097     0.000     81.708  0.000   0.000   0.000   88.461  99.881   6549.9   6502.4
994   0.087     0.000     81.848  0.000   0.000   0.000   88.469  99.881   6516.3   6537.8
995   0.100     0.000     81.952  0.000   0.000   0.000   88.469  99.881   6519.2   6546.4
996   0.092     0.000     81.852  0.000   0.000   0.000   88.477  99.881   6500.0   6506.4
997   0.095     0.000     81.709  0.000   0.000   0.000   88.477  99.881   6493.9   6495.6
998   0.100     0.000     81.597  0.000   0.000   0.000   88.477  99.881   6501.2   6510.8
999   0.094     0.000     81.659  0.000   0.000   0.000   88.485  99.881   6492.0   6533.1
Saving model...

18:01:32


Results

    Time               1.87 s
    Words              11771
    Words/s            6282
    TOK                99.89
    POS                88.08
    UAS                82.04
    LAS                73.63
    NER P              0.00
    NER R              0.00
    NER F              0.00