
dropout_from=0.5 dropout_to=0.2 batch_to=100 time spacy train id 1000-epochs-high-dropout/ id_gsd-ud-train.json id_gsd-ud-dev.json --no-entities --n-iter 1000 --use-gpu 0


dropout_from = 0.5 via $dropout_from
dropout_to = 0.2 via $dropout_to
dropout_decay = 0.0 by default
batch_from = 1 by default
batch_to = 100 via $batch_to
batch_compound = 1.001 by default
max_doc_len = 5000 by default
beam_width = 1 by default
beam_density = 0.0 by default
Warning: Unnamed vectors -- this won't allow multiple vectors models to be loaded. (Shape: (0, 0))
learn_rate = 0.001 by default
optimizer_B1 = 0.9 by default
optimizer_B2 = 0.999 by default
optimizer_eps = 1e-08 by default
L2_penalty = 1e-06 by default
grad_norm_clip = 1.0 by default
embed_size = 7000 by default
token_vector_width = 128 by default
parser_hidden_depth = 1 by default
parser_maxout_pieces = 2 by default
token_vector_width = 128 by default
hidden_width = 200 by default
embed_size = 7000 by default
history_feats = 0 by default
history_width = 0 by default
Itn.  Dep Loss  NER Loss  UAS     NER P.  NER R.  NER F.  Tag %   Token %  CPU WPS  GPU WPS
0     28642.943 0.000     75.576  0.000   0.000   0.000   88.509  99.841   7729.7   7728.8
1     1269.017  0.000     79.668  0.000   0.000   0.000   90.256  99.841   7704.1   7704.3
2     456.160   0.000     80.984  0.000   0.000   0.000   90.780  99.865   7676.3   7741.3
3     239.999   0.000     81.442  0.000   0.000   0.000   91.288  99.849   7715.9   7536.1
4     146.862   0.000     81.576  0.000   0.000   0.000   91.582  99.849   7751.5   7740.4
5     100.581   0.000     81.873  0.000   0.000   0.000   91.693  99.849   7741.4   7712.5
6     71.675    0.000     82.049  0.000   0.000   0.000   91.868  99.849   7732.2   7757.4
7     54.476    0.000     82.244  0.000   0.000   0.000   91.955  99.841   7695.8   7742.0
8     42.756    0.000     82.233  0.000   0.000   0.000   91.963  99.849   7731.7   7726.7
9     33.910    0.000     82.556  0.000   0.000   0.000   92.035  99.849   7729.6   7704.7
10    27.992    0.000     82.708  0.000   0.000   0.000   92.098  99.849   7725.9   7744.1
11    23.451    0.000     82.892  0.000   0.000   0.000   92.122  99.841   7732.2   7749.1
12    19.764    0.000     82.696  0.000   0.000   0.000   92.178  99.841   7741.4   7743.6
13    16.903    0.000     82.988  0.000   0.000   0.000   92.186  99.849   7722.3   7731.6
14    14.728    0.000     82.777  0.000   0.000   0.000   92.201  99.841   7697.5   7739.6
15    12.718    0.000     82.683  0.000   0.000   0.000   92.257  99.849   7735.6   7694.6
16    11.209    0.000     83.019  0.000   0.000   0.000   92.241  99.841   7761.6   7673.4
17    10.005    0.000     82.740  0.000   0.000   0.000   92.273  99.841   7598.0   7726.4
18    8.837     0.000     82.955  0.000   0.000   0.000   92.289  99.841   7695.0   7754.1
19    8.486     0.000     82.828  0.000   0.000   0.000   92.289  99.841   7722.3   7755.5
20    7.050     0.000     82.914  0.000   0.000   0.000   92.297  99.841   7736.4   7743.5
21    6.542     0.000     82.890  0.000   0.000   0.000   92.305  99.841   7758.0   7764.6
22    6.445     0.000     82.909  0.000   0.000   0.000   92.328  99.841   7748.6   7706.7
23    6.353     0.000     82.961  0.000   0.000   0.000   92.368  99.841   7758.2   7710.8
24    6.298     0.000     83.020  0.000   0.000   0.000   92.400  99.849   7717.0   7751.5
25    6.256     0.000     83.031  0.000   0.000   0.000   92.392  99.841   7727.9   7699.5
26    6.205     0.000     83.119  0.000   0.000   0.000   92.416  99.849   7697.9   7716.1
27    6.169     0.000     82.958  0.000   0.000   0.000   92.416  99.849   7713.5   7767.0
28    6.144     0.000     82.843  0.000   0.000   0.000   92.416  99.849   7749.9   7730.8
29    6.032     0.000     83.089  0.000   0.000   0.000   92.408  99.849   7712.7   7706.7
30    6.018     0.000     82.740  0.000   0.000   0.000   92.416  99.849   7720.4   7732.3
31    5.912     0.000     82.984  0.000   0.000   0.000   92.448  99.849   7721.4   7719.3
32    5.896     0.000     82.907  0.000   0.000   0.000   92.440  99.849   7739.3   7761.2
33    5.825     0.000     82.950  0.000   0.000   0.000   92.463  99.849   7737.6   7743.4
34    5.779     0.000     82.696  0.000   0.000   0.000   92.471  99.849   7753.5   7723.2
35    5.780     0.000     82.687  0.000   0.000   0.000   92.471  99.849   7713.7   7712.5
36    5.727     0.000     82.625  0.000   0.000   0.000   92.344  99.849   7703.9   7725.0
37    5.690     0.000     82.876  0.000   0.000   0.000   92.003  99.849   7733.9   7713.5
38    5.637     0.000     82.984  0.000   0.000   0.000   90.923  99.849   7678.0   7748.0
39    5.580     0.000     82.702  0.000   0.000   0.000   88.763  99.849   7720.1   7723.2
40    5.589     0.000     82.946  0.000   0.000   0.000   86.865  99.849   7731.3   7730.5
41    5.504     0.000     83.025  0.000   0.000   0.000   84.871  99.849   7695.8   7726.3
42    5.516     0.000     82.811  0.000   0.000   0.000   83.767  99.849   7692.4   7697.6
43    5.430     0.000     82.448  0.000   0.000   0.000   83.227  99.849   7723.1   7746.6
44    5.370     0.000     82.710  0.000   0.000   0.000   83.100  99.849   7729.1   7727.8
45    5.421     0.000     82.734  0.000   0.000   0.000   83.275  99.849   7726.0   7714.4
46    5.311     0.000     82.747  0.000   0.000   0.000   83.648  99.857   7693.9   7714.8
47    5.301     0.000     82.851  0.000   0.000   0.000   84.109  99.849   7711.9   7741.7
48    5.220     0.000     82.554  0.000   0.000   0.000   84.482  99.857   7729.9   7696.9
49    5.252     0.000     82.683  0.000   0.000   0.000   84.840  99.849   7699.4   7746.8
50    5.177     0.000     82.950  0.000   0.000   0.000   85.189  99.857   7748.6   7749.6
51    5.157     0.000     82.930  0.000   0.000   0.000   85.570  99.857   7731.6   7749.2
52    5.120     0.000     82.779  0.000   0.000   0.000   85.816  99.857   7749.1   7695.8
53    5.195     0.000     82.330  0.000   0.000   0.000   86.118  99.857   7721.1   7701.6
54    5.141     0.000     82.527  0.000   0.000   0.000   86.301  99.857   7692.3   7748.4
55    5.126     0.000     82.668  0.000   0.000   0.000   86.444  99.857   7745.2   7749.4
56    5.047     0.000     82.738  0.000   0.000   0.000   86.531  99.857   7752.2   7683.8
57    5.005     0.000     82.854  0.000   0.000   0.000   86.658  99.857   7668.4   7722.2
58    4.995     0.000     82.743  0.000   0.000   0.000   86.785  99.857   7709.3   7738.5
59    4.962     0.000     82.541  0.000   0.000   0.000   86.865  99.857   7715.3   7705.5
60    4.901     0.000     82.460  0.000   0.000   0.000   86.960  99.857   7727.0   7732.9
61    4.892     0.000     82.698  0.000   0.000   0.000   87.000  99.857   7708.2   7713.7
62    4.898     0.000     82.747  0.000   0.000   0.000   87.047  99.857   7703.9   7719.8
63    4.904     0.000     82.719  0.000   0.000   0.000   87.024  99.857   7701.2   7726.9
64    4.779     0.000     82.629  0.000   0.000   0.000   87.063  99.857   7752.8   7731.0
65    4.722     0.000     82.663  0.000   0.000   0.000   87.111  99.857   7737.3   7760.1
66    4.795     0.000     82.510  0.000   0.000   0.000   87.166  99.857   7743.7   7747.8
67    4.721     0.000     82.706  0.000   0.000   0.000   87.222  99.857   7733.6   7740.2
68    4.732     0.000     82.297  0.000   0.000   0.000   87.230  99.857   7748.0   7747.8
69    4.703     0.000     82.424  0.000   0.000   0.000   87.262  99.857   7769.3   7745.4
70    4.641     0.000     82.345  0.000   0.000   0.000   87.262  99.857   7676.8   7721.4
71    4.637     0.000     82.428  0.000   0.000   0.000   87.254  99.857   7699.0   7706.0
72    4.635     0.000     82.434  0.000   0.000   0.000   87.262  99.857   7752.4   7756.7
73    4.602     0.000     82.362  0.000   0.000   0.000   87.270  99.857   7735.2   7742.6
74    4.588     0.000     82.494  0.000   0.000   0.000   87.294  99.857   7767.3   7733.0
75    4.591     0.000     82.390  0.000   0.000   0.000   87.286  99.857   7754.2   7729.0
76    4.500     0.000     82.447  0.000   0.000   0.000   87.254  99.857   7742.4   7715.6
77    4.489     0.000     82.302  0.000   0.000   0.000   87.246  99.857   7762.0   7702.3
78    4.481     0.000     82.419  0.000   0.000   0.000   87.262  99.857   7761.5   7735.6
79    4.457     0.000     82.383  0.000   0.000   0.000   87.278  99.857   7694.4   7688.3
80    4.459     0.000     82.340  0.000   0.000   0.000   87.270  99.857   7738.5   7666.0
81    4.492     0.000     82.077  0.000   0.000   0.000   87.278  99.857   7696.6   7749.6
82    4.406     0.000     82.321  0.000   0.000   0.000   87.286  99.857   7745.5   7730.3
83    4.401     0.000     82.250  0.000   0.000   0.000   87.278  99.857   7728.8   7732.8
84    4.448     0.000     82.263  0.000   0.000   0.000   87.270  99.857   7728.7   7665.7
85    4.344     0.000     82.443  0.000   0.000   0.000   87.246  99.857   7742.7   7686.8
86    4.291     0.000     82.509  0.000   0.000   0.000   87.214  99.857   7752.5   7703.3
87    4.299     0.000     82.302  0.000   0.000   0.000   87.246  99.857   7701.2   7714.2
88    4.362     0.000     82.340  0.000   0.000   0.000   87.222  99.857   7731.9   7741.2
89    4.257     0.000     82.325  0.000   0.000   0.000   87.206  99.857   7754.9   7743.1
90    4.343     0.000     82.163  0.000   0.000   0.000   87.159  99.857   7717.7   7703.2
91    4.220     0.000     82.460  0.000   0.000   0.000   87.159  99.857   7697.4   7765.8
92    4.285     0.000     82.475  0.000   0.000   0.000   87.166  99.857   7718.9   7758.1
93    4.271     0.000     82.518  0.000   0.000   0.000   87.159  99.857   7685.2   7749.6
94    4.190     0.000     82.535  0.000   0.000   0.000   87.143  99.857   7763.6   7762.9
95    4.165     0.000     82.133  0.000   0.000   0.000   87.198  99.857   7729.7   7729.4
96    4.150     0.000     82.250  0.000   0.000   0.000   87.246  99.857   7694.5   7745.4
97    4.139     0.000     82.297  0.000   0.000   0.000   87.254  99.857   7735.7   7701.4
98    4.101     0.000     82.509  0.000   0.000   0.000   87.278  99.857   7717.4   7702.0
99    4.092     0.000     82.471  0.000   0.000   0.000   87.301  99.857   7723.7   7697.7
100   4.062     0.000     82.221  0.000   0.000   0.000   87.286  99.857   7723.4   7716.4
101   4.088     0.000     82.143  0.000   0.000   0.000   87.278  99.857   7753.2   7702.7
102   4.079     0.000     82.265  0.000   0.000   0.000   87.333  99.857   7759.4   7709.0
103   3.968     0.000     82.189  0.000   0.000   0.000   87.365  99.857   7738.0   7729.0
104   4.058     0.000     82.216  0.000   0.000   0.000   87.381  99.857   7746.5   7753.9
105   3.949     0.000     82.315  0.000   0.000   0.000   87.397  99.857   7743.9   7720.3
106   4.029     0.000     82.302  0.000   0.000   0.000   87.436  99.857   7718.8   7709.9
107   4.020     0.000     82.312  0.000   0.000   0.000   87.436  99.857   7699.7   7716.7
108   3.975     0.000     82.358  0.000   0.000   0.000   87.413  99.857   7717.3   7713.0
109   3.943     0.000     82.173  0.000   0.000   0.000   87.421  99.857   7745.3   7707.9
110   3.893     0.000     82.597  0.000   0.000   0.000   87.436  99.857   7728.9   7680.7
111   3.959     0.000     82.484  0.000   0.000   0.000   87.429  99.857   7721.6   7721.5
112   3.927     0.000     82.208  0.000   0.000   0.000   87.421  99.857   7741.6   7713.8
113   3.961     0.000     82.393  0.000   0.000   0.000   87.413  99.857   7755.2   7690.7
114   3.884     0.000     82.379  0.000   0.000   0.000   87.429  99.857   7711.4   7732.6
115   3.954     0.000     82.344  0.000   0.000   0.000   87.429  99.857   7722.0   7746.8
116   3.888     0.000     82.212  0.000   0.000   0.000   87.436  99.857   7736.4   7738.0
117   3.865     0.000     82.293  0.000   0.000   0.000   87.421  99.857   7747.0   7669.3
118   3.806     0.000     82.229  0.000   0.000   0.000   87.436  99.857   7748.6   7759.1
119   3.825     0.000     82.154  0.000   0.000   0.000   87.444  99.857   7742.7   7742.4
120   3.824     0.000     82.289  0.000   0.000   0.000   87.444  99.857   7698.9   7746.5
121   3.834     0.000     82.372  0.000   0.000   0.000   87.468  99.857   7738.0   7768.8
122   3.806     0.000     82.546  0.000   0.000   0.000   87.476  99.857   7724.9   7739.4
123   3.759     0.000     82.242  0.000   0.000   0.000   87.492  99.857   7756.5   7739.8
124   3.723     0.000     82.357  0.000   0.000   0.000   87.468  99.857   7758.6   7679.2
125   3.796     0.000     82.214  0.000   0.000   0.000   87.468  99.857   7722.4   7729.0
126   3.688     0.000     82.513  0.000   0.000   0.000   87.476  99.857   7745.3   7733.1
127   3.754     0.000     82.250  0.000   0.000   0.000   87.436  99.857   7749.1   7748.6
128   3.706     0.000     82.096  0.000   0.000   0.000   87.421  99.857   7742.6   7728.9
129   3.688     0.000     82.327  0.000   0.000   0.000   87.421  99.857   7730.2   7744.9
130   3.688     0.000     82.338  0.000   0.000   0.000   87.405  99.857   7725.9   7719.6
131   3.694     0.000     82.338  0.000   0.000   0.000   87.405  99.857   7680.6   7649.6
132   3.722     0.000     82.466  0.000   0.000   0.000   87.421  99.857   7695.8   7701.2
133   3.667     0.000     82.327  0.000   0.000   0.000   87.436  99.857   7705.3   7718.8
134   3.652     0.000     82.390  0.000   0.000   0.000   87.436  99.857   7725.4   7710.3
135   3.639     0.000     82.494  0.000   0.000   0.000   87.452  99.857   7661.9   7718.0
136   3.609     0.000     82.365  0.000   0.000   0.000   87.468  99.857   7739.9   7734.1
137   3.612     0.000     82.365  0.000   0.000   0.000   87.460  99.857   7716.6   7742.9
138   3.548     0.000     82.505  0.000   0.000   0.000   87.468  99.857   7718.0   7747.9
139   3.636     0.000     82.477  0.000   0.000   0.000   87.460  99.857   7737.7   7694.5
140   3.612     0.000     82.255  0.000   0.000   0.000   87.468  99.857   7725.2   7699.4
141   3.571     0.000     82.254  0.000   0.000   0.000   87.460  99.857   7735.6   7738.2
142   3.552     0.000     82.389  0.000   0.000   0.000   87.460  99.857   7735.5   7735.1
143   3.570     0.000     82.239  0.000   0.000   0.000   87.468  99.857   7734.5   7729.6
144   3.494     0.000     82.582  0.000   0.000   0.000   87.452  99.857   7702.5   7718.6
145   3.560     0.000     82.413  0.000   0.000   0.000   87.468  99.857   7759.3   7751.4
146   3.493     0.000     82.408  0.000   0.000   0.000   87.468  99.857   7699.2   7657.3
147   3.453     0.000     82.099  0.000   0.000   0.000   87.476  99.857   7704.4   7723.8
148   3.554     0.000     82.319  0.000   0.000   0.000   87.460  99.857   7736.0   7724.9
149   3.522     0.000     82.197  0.000   0.000   0.000   87.452  99.857   7742.4   7730.8
150   3.528     0.000     82.353  0.000   0.000   0.000   87.460  99.857   7743.9   7688.1
151   3.494     0.000     82.389  0.000   0.000   0.000   87.468  99.857   7732.5   7730.3
152   3.492     0.000     82.184  0.000   0.000   0.000   87.460  99.857   7708.0   7712.8
153   3.468     0.000     82.310  0.000   0.000   0.000   87.444  99.857   7704.0   7741.4
154   3.461     0.000     82.032  0.000   0.000   0.000   87.444  99.857   7746.2   7713.3
155   3.429     0.000     82.111  0.000   0.000   0.000   87.429  99.857   7725.2   7756.0
156   3.432     0.000     82.052  0.000   0.000   0.000   87.421  99.857   7712.0   7728.6
157   3.440     0.000     82.085  0.000   0.000   0.000   87.452  99.857   7762.7   7740.4
158   3.415     0.000     82.156  0.000   0.000   0.000   87.452  99.857   7736.6   7727.7
159   3.401     0.000     82.225  0.000   0.000   0.000   87.460  99.857   7740.9   7702.2
160   3.388     0.000     82.135  0.000   0.000   0.000   87.484  99.857   7734.6   7738.7
161   3.367     0.000     82.051  0.000   0.000   0.000   87.468  99.857   7747.3   7707.5
162   3.363     0.000     82.417  0.000   0.000   0.000   87.468  99.857   7751.0   7734.2
163   3.310     0.000     82.268  0.000   0.000   0.000   87.476  99.857   7755.4   7750.6
164   3.369     0.000     82.028  0.000   0.000   0.000   87.476  99.857   7743.0   7756.1
165   3.410     0.000     82.081  0.000   0.000   0.000   87.492  99.857   7749.1   7732.8
166   3.310     0.000     82.178  0.000   0.000   0.000   87.500  99.857   7703.0   7706.6
167   3.342     0.000     82.246  0.000   0.000   0.000   87.508  99.857   7750.7   7752.5
168   3.333     0.000     82.051  0.000   0.000   0.000   87.532  99.857   7726.4   7731.0
169   3.314     0.000     81.921  0.000   0.000   0.000   87.524  99.857   7713.1   7706.4
170   3.317     0.000     82.008  0.000   0.000   0.000   87.532  99.857   7700.9   7724.6
171   3.319     0.000     82.062  0.000   0.000   0.000   87.516  99.857   7722.9   7704.0
172   3.341     0.000     81.844  0.000   0.000   0.000   87.524  99.857   7732.4   7616.2
173   3.257     0.000     82.015  0.000   0.000   0.000   87.524  99.857   7726.3   7687.1
174   3.246     0.000     81.940  0.000   0.000   0.000   87.532  99.857   7716.7   7730.3
175   3.247     0.000     81.949  0.000   0.000   0.000   87.524  99.857   7758.0   7702.8
176   3.295     0.000     81.989  0.000   0.000   0.000   87.516  99.857   7750.2   7732.2
177   3.202     0.000     82.062  0.000   0.000   0.000   87.508  99.857   7722.9   7736.3
178   3.193     0.000     82.122  0.000   0.000   0.000   87.516  99.857   7715.9   7719.4
179   3.196     0.000     81.968  0.000   0.000   0.000   87.516  99.857   7723.0   7759.1
180   3.218     0.000     82.034  0.000   0.000   0.000   87.508  99.857   7668.6   7732.6
181   3.237     0.000     82.067  0.000   0.000   0.000   87.500  99.857   7715.2   7721.8
182   3.145     0.000     82.058  0.000   0.000   0.000   87.508  99.857   7765.4   7728.1
183   3.219     0.000     82.034  0.000   0.000   0.000   87.492  99.857   7745.9   7754.7
184   3.206     0.000     82.049  0.000   0.000   0.000   87.484  99.857   7750.1   7753.3
185   3.195     0.000     81.983  0.000   0.000   0.000   87.484  99.857   7747.1   7761.9
186   3.188     0.000     82.315  0.000   0.000   0.000   87.468  99.857   7737.6   7752.5
187   3.073     0.000     82.236  0.000   0.000   0.000   87.452  99.857   7757.6   7740.1
188   3.197     0.000     82.180  0.000   0.000   0.000   87.452  99.857   7743.3   7726.9
189   3.166     0.000     82.105  0.000   0.000   0.000   87.476  99.857   7743.7   7746.1
190   3.183     0.000     82.156  0.000   0.000   0.000   87.436  99.857   7759.1   7699.6
191   3.116     0.000     82.171  0.000   0.000   0.000   87.444  99.857   7717.1   7741.4
192   3.137     0.000     82.086  0.000   0.000   0.000   87.452  99.857   7748.7   7748.3
193   3.139     0.000     82.124  0.000   0.000   0.000   87.429  99.857   7758.9   7729.4
194   3.031     0.000     82.039  0.000   0.000   0.000   87.444  99.857   7759.9   7724.7
195   3.170     0.000     82.077  0.000   0.000   0.000   87.444  99.857   7739.8   7733.2
196   3.065     0.000     82.218  0.000   0.000   0.000   87.452  99.857   7749.3   7750.6
197   3.026     0.000     82.047  0.000   0.000   0.000   87.436  99.857   7734.6   7725.3
198   3.060     0.000     82.250  0.000   0.000   0.000   87.429  99.857   7698.8   7749.9
199   3.040     0.000     82.034  0.000   0.000   0.000   87.452  99.857   7750.6   7726.6
200   3.051     0.000     82.096  0.000   0.000   0.000   87.452  99.857   7712.7   7748.3
201   3.113     0.000     82.105  0.000   0.000   0.000   87.452  99.857   7734.5   7745.1
202   3.060     0.000     81.979  0.000   0.000   0.000   87.460  99.857   7733.6   7733.4
203   3.082     0.000     82.161  0.000   0.000   0.000   87.468  99.857   7751.7   7750.7
204   3.098     0.000     82.090  0.000   0.000   0.000   87.468  99.857   7704.1   7701.6
205   3.045     0.000     82.242  0.000   0.000   0.000   87.476  99.857   7738.7   7742.2
206   3.076     0.000     82.090  0.000   0.000   0.000   87.468  99.857   7750.4   7750.3
207   3.107     0.000     81.959  0.000   0.000   0.000   87.460  99.857   7703.2   7747.6
208   2.999     0.000     82.077  0.000   0.000   0.000   87.476  99.857   7739.3   7711.6
209   3.007     0.000     82.180  0.000   0.000   0.000   87.484  99.857   7710.0   7732.1
210   3.009     0.000     81.983  0.000   0.000   0.000   87.492  99.857   7690.3   7755.8
211   2.978     0.000     81.908  0.000   0.000   0.000   87.500  99.857   7720.0   7711.0
212   3.026     0.000     81.983  0.000   0.000   0.000   87.516  99.857   7713.9   7745.8
213   2.992     0.000     81.898  0.000   0.000   0.000   87.500  99.857   7681.0   7740.9
214   3.001     0.000     81.898  0.000   0.000   0.000   87.492  99.857   7747.2   7735.9
215   2.976     0.000     81.964  0.000   0.000   0.000   87.500  99.857   7653.0   7730.0
216   3.009     0.000     82.043  0.000   0.000   0.000   87.500  99.857   7708.5   7720.3
217   2.941     0.000     82.092  0.000   0.000   0.000   87.492  99.857   7720.7   7659.7
218   2.915     0.000     81.996  0.000   0.000   0.000   87.492  99.857   7738.7   7711.3
219   2.938     0.000     81.974  0.000   0.000   0.000   87.484  99.857   7677.4   7731.6
220   2.930     0.000     81.940  0.000   0.000   0.000   87.468  99.857   7691.8   7754.2
221   2.841     0.000     81.720  0.000   0.000   0.000   87.468  99.857   7730.5   7748.2
222   2.922     0.000     81.837  0.000   0.000   0.000   87.468  99.857   7725.2   7724.1
223   2.955     0.000     81.865  0.000   0.000   0.000   87.460  99.857   7727.5   7742.3
224   2.974     0.000     81.974  0.000   0.000   0.000   87.468  99.857   7719.2   7710.6
225   2.902     0.000     82.114  0.000   0.000   0.000   87.484  99.857   7739.5   7691.7
226   2.889     0.000     82.086  0.000   0.000   0.000   87.468  99.857   7693.2   7738.7
227   2.865     0.000     82.049  0.000   0.000   0.000   87.492  99.857   7719.5   7729.7
228   2.964     0.000     82.105  0.000   0.000   0.000   87.508  99.857   7726.8   7710.6
229   2.848     0.000     82.077  0.000   0.000   0.000   87.516  99.857   7737.3   7723.4
230   2.945     0.000     82.176  0.000   0.000   0.000   87.524  99.857   7720.1   7711.4
231   2.857     0.000     82.124  0.000   0.000   0.000   87.524  99.857   7733.8   7713.4
232   2.814     0.000     81.934  0.000   0.000   0.000   87.508  99.857   7714.4   7681.4
233   2.888     0.000     81.992  0.000   0.000   0.000   87.508  99.857   7715.6   7740.0
234   2.889     0.000     82.045  0.000   0.000   0.000   87.548  99.857   7758.2   7677.9
235   2.882     0.000     82.024  0.000   0.000   0.000   87.564  99.857   7734.9   7754.5
236   2.870     0.000     82.189  0.000   0.000   0.000   87.579  99.857   7743.4   7730.4
237   2.875     0.000     82.058  0.000   0.000   0.000   87.579  99.857   7720.2   7708.1
238   2.876     0.000     81.994  0.000   0.000   0.000   87.635  99.857   7745.3   7727.7
239   2.753     0.000     81.977  0.000   0.000   0.000   87.659  99.857   7745.3   7715.0
240   2.844     0.000     82.006  0.000   0.000   0.000   87.667  99.857   7728.2   7751.3
241   2.822     0.000     81.962  0.000   0.000   0.000   87.683  99.857   7759.8   7708.0
242   2.839     0.000     82.064  0.000   0.000   0.000   87.691  99.857   7732.9   7707.2
243   2.811     0.000     82.020  0.000   0.000   0.000   87.675  99.857   7741.4   7746.8
244   2.836     0.000     81.996  0.000   0.000   0.000   87.691  99.857   7711.2   7745.3
245   2.734     0.000     82.039  0.000   0.000   0.000   87.683  99.857   7731.9   7745.1
246   2.801     0.000     82.161  0.000   0.000   0.000   87.691  99.857   7734.2   7711.1
247   2.800     0.000     82.189  0.000   0.000   0.000   87.699  99.857   7752.4   7757.7
248   2.796     0.000     81.889  0.000   0.000   0.000   87.691  99.857   7724.9   7737.3
249   2.759     0.000     82.160  0.000   0.000   0.000   87.691  99.857   7723.1   7756.9
250   2.788     0.000     82.212  0.000   0.000   0.000   87.683  99.857   7760.3   7753.5
251   2.769     0.000     82.141  0.000   0.000   0.000   87.730  99.857   7741.6   7750.6
252   2.801     0.000     82.011  0.000   0.000   0.000   87.738  99.857   7687.5   7738.3
253   2.747     0.000     82.086  0.000   0.000   0.000   87.722  99.857   7744.0   7746.9
254   2.697     0.000     82.137  0.000   0.000   0.000   87.706  99.857   7749.5   7757.2
255   2.794     0.000     82.128  0.000   0.000   0.000   87.730  99.857   7726.1   7752.8
256   2.760     0.000     82.152  0.000   0.000   0.000   87.746  99.857   7696.3   7708.7
257   2.825     0.000     82.240  0.000   0.000   0.000   87.746  99.857   7706.7   7720.8
258   2.699     0.000     82.120  0.000   0.000   0.000   87.754  99.857   7742.7   7676.7
259   2.778     0.000     82.189  0.000   0.000   0.000   87.754  99.857   7678.7   7731.2
260   2.741     0.000     82.208  0.000   0.000   0.000   87.762  99.857   7706.2   7698.8
261   2.763     0.000     82.419  0.000   0.000   0.000   87.770  99.857   7717.3   7723.6
262   2.722     0.000     82.242  0.000   0.000   0.000   87.794  99.857   7680.3   7686.7
263   2.754     0.000     82.315  0.000   0.000   0.000   87.794  99.857   7673.4   7729.4
264   2.732     0.000     82.274  0.000   0.000   0.000   87.786  99.857   7727.7   7664.4
265   2.733     0.000     82.302  0.000   0.000   0.000   87.802  99.857   7734.9   7716.6
266   2.722     0.000     82.396  0.000   0.000   0.000   87.810  99.857   7731.2   7740.2
267   2.757     0.000     82.011  0.000   0.000   0.000   87.802  99.857   7720.8   7735.0
268   2.635     0.000     82.039  0.000   0.000   0.000   87.794  99.857   7720.2   7713.1
269   2.687     0.000     82.325  0.000   0.000   0.000   87.818  99.857   7676.4   7723.0
270   2.687     0.000     82.199  0.000   0.000   0.000   87.810  99.857   7739.9   7737.9
271   2.634     0.000     82.355  0.000   0.000   0.000   87.826  99.857   7723.2   7759.0
272   2.681     0.000     82.448  0.000   0.000   0.000   87.841  99.857   7762.6   7671.4
273   2.636     0.000     82.302  0.000   0.000   0.000   87.849  99.857   7702.6   7732.3
274   2.697     0.000     82.171  0.000   0.000   0.000   87.849  99.857   7730.5   7742.8
275   2.674     0.000     82.486  0.000   0.000   0.000   87.865  99.857   7733.9   7726.6
276   2.662     0.000     82.278  0.000   0.000   0.000   87.865  99.857   7704.5   7733.2
277   2.703     0.000     82.278  0.000   0.000   0.000   87.857  99.857   7704.2   7742.3
278   2.609     0.000     82.143  0.000   0.000   0.000   87.841  99.857   7745.3   7693.0
279   2.637     0.000     82.358  0.000   0.000   0.000   87.826  99.857   7745.2   7737.4
280   2.583     0.000     82.283  0.000   0.000   0.000   87.818  99.857   7608.2   7737.7
281   2.642     0.000     82.274  0.000   0.000   0.000   87.826  99.857   7743.4   7740.7
282   2.618     0.000     82.039  0.000   0.000   0.000   87.802  99.857   7744.9   7737.1
283   2.704     0.000     82.279  0.000   0.000   0.000   87.810  99.857   7701.5   7703.8
284   2.641     0.000     82.082  0.000   0.000   0.000   87.826  99.857   7736.7   7703.6
285   2.634     0.000     82.218  0.000   0.000   0.000   87.810  99.857   7704.6   7729.2
286   2.620     0.000     82.062  0.000   0.000   0.000   87.818  99.857   7748.0   7691.5
287   2.581     0.000     82.233  0.000   0.000   0.000   87.802  99.857   7698.2   7658.2
288   2.545     0.000     82.195  0.000   0.000   0.000   87.794  99.857   7696.4   7725.4
289   2.622     0.000     82.131  0.000   0.000   0.000   87.802  99.857   7721.5   7735.4
290   2.568     0.000     82.111  0.000   0.000   0.000   87.802  99.857   7689.1   7722.9
291   2.605     0.000     82.167  0.000   0.000   0.000   87.802  99.857   7753.0   7561.7
292   2.574     0.000     81.970  0.000   0.000   0.000   87.778  99.857   7724.7   7719.6
293   2.564     0.000     82.092  0.000   0.000   0.000   87.770  99.857   7725.5   7698.9
294   2.590     0.000     82.148  0.000   0.000   0.000   87.754  99.857   7738.3   7705.0
295   2.600     0.000     82.231  0.000   0.000   0.000   87.754  99.857   7749.7   7704.2
296   2.575     0.000     82.255  0.000   0.000   0.000   87.754  99.857   7716.4   7684.9
297   2.574     0.000     82.139  0.000   0.000   0.000   87.754  99.857   7727.3   7723.4
298   2.482     0.000     82.152  0.000   0.000   0.000   87.770  99.857   7742.4   7727.1
299   2.566     0.000     82.169  0.000   0.000   0.000   87.770  99.857   7733.2   7752.0
300   2.583     0.000     81.913  0.000   0.000   0.000   87.778  99.857   7728.6   7698.4
301   2.650     0.000     82.058  0.000   0.000   0.000   87.794  99.857   7726.2   7734.0
302   2.602     0.000     82.017  0.000   0.000   0.000   87.794  99.857   7743.9   7704.6
303   2.532     0.000     81.932  0.000   0.000   0.000   87.778  99.857   7729.0   7700.8
304   2.550     0.000     81.904  0.000   0.000   0.000   87.770  99.857   7716.4   7708.5
305   2.561     0.000     81.942  0.000   0.000   0.000   87.778  99.857   7691.2   7699.8
306   2.536     0.000     82.180  0.000   0.000   0.000   87.786  99.857   7684.1   7730.6
307   2.466     0.000     81.889  0.000   0.000   0.000   87.770  99.857   7620.7   7713.4
308   2.470     0.000     82.129  0.000   0.000   0.000   87.770  99.857   7742.5   7732.4
309   2.553     0.000     82.045  0.000   0.000   0.000   87.778  99.857   7747.3   7731.3
310   2.490     0.000     82.017  0.000   0.000   0.000   87.794  99.857   7746.5   7713.3
311   2.532     0.000     82.082  0.000   0.000   0.000   87.794  99.857   7740.9   7733.8
312   2.493     0.000     82.171  0.000   0.000   0.000   87.794  99.857   7751.2   7742.8
313   2.472     0.000     81.992  0.000   0.000   0.000   87.810  99.857   7679.2   7741.8
314   2.541     0.000     81.974  0.000   0.000   0.000   87.810  99.857   7729.8   7736.1
315   2.468     0.000     82.274  0.000   0.000   0.000   87.818  99.857   7704.3   7742.2
316   2.527     0.000     81.940  0.000   0.000   0.000   87.818  99.857   7726.5   7763.6
317   2.542     0.000     82.099  0.000   0.000   0.000   87.810  99.857   7657.1   7758.4
318   2.505     0.000     82.030  0.000   0.000   0.000   87.802  99.857   7742.5   7743.3
319   2.484     0.000     82.214  0.000   0.000   0.000   87.810  99.857   7743.9   7741.9
320   2.509     0.000     82.064  0.000   0.000   0.000   87.802  99.857   7760.6   7726.2
321   2.542     0.000     82.086  0.000   0.000   0.000   87.826  99.857   7753.9   7758.3
322   2.509     0.000     82.143  0.000   0.000   0.000   87.818  99.857   7757.3   7733.3
323   2.450     0.000     82.321  0.000   0.000   0.000   87.810  99.857   7767.5   7725.8
324   2.508     0.000     82.099  0.000   0.000   0.000   87.802  99.857   7754.6   7729.3
325   2.460     0.000     81.898  0.000   0.000   0.000   87.810  99.857   7736.1   7756.2
326   2.476     0.000     82.227  0.000   0.000   0.000   87.810  99.857   7738.1   7750.0
327   2.473     0.000     82.133  0.000   0.000   0.000   87.818  99.857   7739.0   7716.3
328   2.454     0.000     82.020  0.000   0.000   0.000   87.810  99.857   7709.6   7756.4
329   2.475     0.000     82.064  0.000   0.000   0.000   87.810  99.857   7769.1   7730.9
330   2.378     0.000     82.081  0.000   0.000   0.000   87.818  99.857   7748.5   7625.4
331   2.465     0.000     81.799  0.000   0.000   0.000   87.841  99.857   7729.3   7766.6
332   2.441     0.000     82.056  0.000   0.000   0.000   87.841  99.857   7704.1   7748.0
333   2.461     0.000     81.949  0.000   0.000   0.000   87.834  99.857   7749.0   7745.4
334   2.425     0.000     81.959  0.000   0.000   0.000   87.834  99.857   7730.6   7724.8
335   2.408     0.000     81.861  0.000   0.000   0.000   87.841  99.857   7748.8   7717.4
336   2.395     0.000     81.983  0.000   0.000   0.000   87.841  99.857   7725.6   7757.2
337   2.447     0.000     82.105  0.000   0.000   0.000   87.841  99.857   7711.4   7734.9
338   2.434     0.000     82.090  0.000   0.000   0.000   87.818  99.857   7757.3   7733.5
339   2.408     0.000     82.023  0.000   0.000   0.000   87.794  99.857   7748.9   7743.9
340   2.400     0.000     82.143  0.000   0.000   0.000   87.786  99.857   7729.3   7685.7
341   2.503     0.000     82.216  0.000   0.000   0.000   87.778  99.857   7749.1   7704.3
342   2.472     0.000     82.240  0.000   0.000   0.000   87.778  99.857   7745.2   7748.0
343   2.364     0.000     82.113  0.000   0.000   0.000   87.786  99.857   7735.4   7692.4
344   2.397     0.000     81.865  0.000   0.000   0.000   87.786  99.857   7737.5   7723.3
345   2.411     0.000     82.161  0.000   0.000   0.000   87.786  99.857   7745.9   7751.9
346   2.518     0.000     81.865  0.000   0.000   0.000   87.778  99.857   7752.4   7755.0
347   2.397     0.000     81.818  0.000   0.000   0.000   87.810  99.857   7746.9   7679.6
348   2.433     0.000     81.968  0.000   0.000   0.000   87.810  99.857   7724.4   7708.9
349   2.484     0.000     82.107  0.000   0.000   0.000   87.794  99.857   7731.2   7728.3
350   2.415     0.000     82.030  0.000   0.000   0.000   87.810  99.857   7721.4   7716.8
351   2.449     0.000     81.987  0.000   0.000   0.000   87.818  99.857   7713.3   7689.3
352   2.384     0.000     82.128  0.000   0.000   0.000   87.826  99.857   7712.6   7706.2
353   2.440     0.000     82.081  0.000   0.000   0.000   87.834  99.857   7697.4   7716.5
354   2.354     0.000     82.096  0.000   0.000   0.000   87.826  99.857   7730.4   7677.1
355   2.411     0.000     81.825  0.000   0.000   0.000   87.826  99.857   7702.1   7738.6
356   2.339     0.000     81.915  0.000   0.000   0.000   87.841  99.857   7732.1   7740.2
357   2.393     0.000     82.090  0.000   0.000   0.000   87.826  99.857   7738.4   7683.7
358   2.406     0.000     82.099  0.000   0.000   0.000   87.826  99.857   7712.5   7728.8
359   2.364     0.000     82.024  0.000   0.000   0.000   87.818  99.857   7708.2   7730.8
360   2.358     0.000     82.000  0.000   0.000   0.000   87.818  99.857   7700.4   7730.5
361   2.378     0.000     81.968  0.000   0.000   0.000   87.834  99.857   7743.2   7712.0
362   2.372     0.000     82.231  0.000   0.000   0.000   87.826  99.857   7702.4   7730.8
363   2.362     0.000     82.028  0.000   0.000   0.000   87.818  99.857   7719.8   7740.9
364   2.404     0.000     82.165  0.000   0.000   0.000   87.810  99.857   7734.4   7709.0
365   2.393     0.000     82.150  0.000   0.000   0.000   87.818  99.857   7694.7   7735.0
366   2.335     0.000     82.124  0.000   0.000   0.000   87.794  99.857   7689.3   7702.9
367   2.341     0.000     82.141  0.000   0.000   0.000   87.802  99.857   7748.5   7724.2
368   2.319     0.000     81.972  0.000   0.000   0.000   87.802  99.857   7759.0   7712.8
369   2.366     0.000     82.047  0.000   0.000   0.000   87.810  99.857   7765.8   7704.6
370   2.327     0.000     81.788  0.000   0.000   0.000   87.810  99.857   7718.0   7755.9
371   2.328     0.000     82.175  0.000   0.000   0.000   87.818  99.857   7704.5   7755.5
372   2.337     0.000     81.953  0.000   0.000   0.000   87.810  99.857   7766.8   7734.0
373   2.326     0.000     82.056  0.000   0.000   0.000   87.810  99.857   7759.6   7750.2
374   2.312     0.000     82.015  0.000   0.000   0.000   87.802  99.857   7714.4   7753.1
375   2.398     0.000     82.052  0.000   0.000   0.000   87.802  99.857   7711.7   7700.0
376   2.335     0.000     82.184  0.000   0.000   0.000   87.778  99.857   7712.7   7679.2
377   2.352     0.000     82.015  0.000   0.000   0.000   87.778  99.857   7743.9   7728.4
378   2.358     0.000     81.945  0.000   0.000   0.000   87.770  99.857   7744.3   7737.3
379   2.329     0.000     82.175  0.000   0.000   0.000   87.770  99.857   7746.4   7757.9
380   2.348     0.000     82.038  0.000   0.000   0.000   87.770  99.857   7721.1   7750.6
381   2.399     0.000     82.122  0.000   0.000   0.000   87.770  99.857   7755.5   7745.4
382   2.354     0.000     81.944  0.000   0.000   0.000   87.770  99.857   7739.2   7733.8
383   2.281     0.000     82.020  0.000   0.000   0.000   87.762  99.857   7751.0   7746.4
384   2.302     0.000     82.105  0.000   0.000   0.000   87.770  99.857   7751.5   7762.9
385   2.292     0.000     81.991  0.000   0.000   0.000   87.762  99.857   7709.1   7752.6
386   2.288     0.000     81.925  0.000   0.000   0.000   87.770  99.857   7693.3   7746.3
387   2.339     0.000     82.030  0.000   0.000   0.000   87.778  99.857   7760.1   7698.2
388   2.308     0.000     81.964  0.000   0.000   0.000   87.778  99.857   7756.0   7746.2
389   2.316     0.000     82.009  0.000   0.000   0.000   87.786  99.857   7738.7   7690.3
390   2.319     0.000     81.957  0.000   0.000   0.000   87.770  99.857   7742.0   7721.4
391   2.282     0.000     81.790  0.000   0.000   0.000   87.770  99.857   7695.9   7725.3
392   2.321     0.000     81.660  0.000   0.000   0.000   87.786  99.857   7710.9   7699.6
393   2.253     0.000     82.090  0.000   0.000   0.000   87.794  99.857   7723.6   7730.1
394   2.345     0.000     82.039  0.000   0.000   0.000   87.794  99.857   7703.5   7705.0
395   2.294     0.000     81.945  0.000   0.000   0.000   87.810  99.857   7673.5   7692.3
396   2.297     0.000     81.823  0.000   0.000   0.000   87.802  99.857   7750.6   7672.9
397   2.341     0.000     81.756  0.000   0.000   0.000   87.794  99.857   7743.8   7705.0
398   2.313     0.000     81.865  0.000   0.000   0.000   87.794  99.857   7740.5   7694.9
399   2.318     0.000     81.746  0.000   0.000   0.000   87.794  99.857   7730.9   7678.1
400   2.263     0.000     81.713  0.000   0.000   0.000   87.794  99.857   7755.7   7743.6
401   2.319     0.000     81.807  0.000   0.000   0.000   87.802  99.857   7681.4   7733.5
402   2.290     0.000     81.874  0.000   0.000   0.000   87.810  99.857   7747.7   7750.8
403   2.260     0.000     81.761  0.000   0.000   0.000   87.818  99.857   7716.4   7726.4
404   2.269     0.000     82.079  0.000   0.000   0.000   87.810  99.857   7711.1   7756.2
405   2.321     0.000     82.071  0.000   0.000   0.000   87.794  99.857   7710.9   7738.4
406   2.246     0.000     81.784  0.000   0.000   0.000   87.794  99.857   7743.5   7711.6
407   2.265     0.000     81.805  0.000   0.000   0.000   87.794  99.857   7733.8   7704.4
408   2.301     0.000     81.953  0.000   0.000   0.000   87.802  99.857   7719.6   7738.0
409   2.221     0.000     82.036  0.000   0.000   0.000   87.794  99.857   7741.0   7729.4
410   2.247     0.000     81.948  0.000   0.000   0.000   87.786  99.857   7721.5   7694.7
411   2.246     0.000     81.897  0.000   0.000   0.000   87.786  99.857   7733.3   7707.9
412   2.241     0.000     81.934  0.000   0.000   0.000   87.794  99.857   7728.8   7707.3
413   2.241     0.000     81.987  0.000   0.000   0.000   87.794  99.857   7739.0   7720.0
414   2.226     0.000     82.176  0.000   0.000   0.000   87.786  99.857   7734.0   7748.3
415   2.263     0.000     81.893  0.000   0.000   0.000   87.794  99.857   7715.4   7722.8
416   2.206     0.000     82.066  0.000   0.000   0.000   87.786  99.857   7714.6   7732.9
417   2.257     0.000     81.729  0.000   0.000   0.000   87.794  99.857   7646.8   7731.3
418   2.255     0.000     81.912  0.000   0.000   0.000   87.786  99.857   7744.0   7724.6
419   2.236     0.000     81.921  0.000   0.000   0.000   87.786  99.857   7727.5   7653.1
420   2.244     0.000     82.026  0.000   0.000   0.000   87.778  99.857   7748.4   7705.2
421   2.245     0.000     81.998  0.000   0.000   0.000   87.770  99.857   7736.4   7712.4
422   2.245     0.000     81.760  0.000   0.000   0.000   87.754  99.857   7736.2   7735.9
423   2.283     0.000     81.913  0.000   0.000   0.000   87.770  99.857   7680.8   7684.9
424   2.162     0.000     81.949  0.000   0.000   0.000   87.778  99.857   7720.3   7700.4
425   2.184     0.000     81.977  0.000   0.000   0.000   87.778  99.857   7726.1   7704.1
426   2.183     0.000     81.930  0.000   0.000   0.000   87.778  99.857   7728.7   7705.3
427   2.241     0.000     81.889  0.000   0.000   0.000   87.778  99.857   7722.2   7723.6
428   2.204     0.000     81.883  0.000   0.000   0.000   87.770  99.857   7704.5   7755.4
429   2.168     0.000     82.024  0.000   0.000   0.000   87.762  99.857   7723.2   7716.5
430   2.188     0.000     82.006  0.000   0.000   0.000   87.746  99.857   7695.5   7726.1
431   2.181     0.000     81.996  0.000   0.000   0.000   87.746  99.857   7722.7   7698.6
432   2.211     0.000     81.855  0.000   0.000   0.000   87.762  99.857   7717.9   7759.0
433   2.197     0.000     81.795  0.000   0.000   0.000   87.754  99.857   7703.1   7698.8
434   2.217     0.000     81.983  0.000   0.000   0.000   87.754  99.857   7695.6   7647.5
435   2.214     0.000     81.992  0.000   0.000   0.000   87.762  99.857   7720.5   7734.4
436   2.209     0.000     81.977  0.000   0.000   0.000   87.770  99.857   7738.7   7706.2
437   2.118     0.000     81.930  0.000   0.000   0.000   87.762  99.857   7703.8   7705.4
438   2.167     0.000     82.067  0.000   0.000   0.000   87.746  99.857   7747.3   7750.4
439   2.141     0.000     81.869  0.000   0.000   0.000   87.722  99.857   7750.0   7717.4
440   2.160     0.000     81.865  0.000   0.000   0.000   87.730  99.857   7749.4   7724.6
441   2.220     0.000     82.020  0.000   0.000   0.000   87.722  99.857   7761.9   7730.5
442   2.216     0.000     81.865  0.000   0.000   0.000   87.722  99.857   7706.5   7726.0
443   2.214     0.000     82.052  0.000   0.000   0.000   87.706  99.857   7738.3   7741.4
444   2.174     0.000     81.944  0.000   0.000   0.000   87.722  99.857   7741.5   7744.1
445   2.134     0.000     81.898  0.000   0.000   0.000   87.714  99.857   7733.1   7723.8
446   2.149     0.000     81.970  0.000   0.000   0.000   87.722  99.857   7694.7   7692.0
447   2.149     0.000     81.983  0.000   0.000   0.000   87.722  99.857   7755.8   7737.8
448   2.172     0.000     82.020  0.000   0.000   0.000   87.722  99.857   7691.4   7658.4
449   2.182     0.000     81.944  0.000   0.000   0.000   87.714  99.857   7689.4   7723.5
450   2.152     0.000     81.968  0.000   0.000   0.000   87.714  99.857   7752.9   7724.8
451   2.210     0.000     81.956  0.000   0.000   0.000   87.714  99.857   7726.3   7754.7
452   2.161     0.000     81.953  0.000   0.000   0.000   87.714  99.857   7744.7   7683.3
453   2.170     0.000     81.842  0.000   0.000   0.000   87.722  99.857   7733.0   7716.2
454   2.129     0.000     81.889  0.000   0.000   0.000   87.730  99.857   7716.4   7745.0
455   2.153     0.000     81.898  0.000   0.000   0.000   87.730  99.857   7753.5   7672.7
456   2.136     0.000     81.949  0.000   0.000   0.000   87.746  99.857   7714.2   7746.2
457   2.147     0.000     81.962  0.000   0.000   0.000   87.762  99.857   7747.9   7742.3
458   2.111     0.000     81.902  0.000   0.000   0.000   87.754  99.857   7724.1   7759.0
459   2.110     0.000     81.977  0.000   0.000   0.000   87.746  99.857   7733.1   7755.8
460   2.164     0.000     81.823  0.000   0.000   0.000   87.714  99.857   7709.2   7735.5
461   2.152     0.000     81.833  0.000   0.000   0.000   87.730  99.857   7753.2   7753.1
462   2.150     0.000     82.141  0.000   0.000   0.000   87.730  99.857   7722.8   7746.5
463   2.147     0.000     81.705  0.000   0.000   0.000   87.730  99.857   7739.1   7749.5
464   2.127     0.000     82.004  0.000   0.000   0.000   87.730  99.857   7717.2   7715.9
465   2.126     0.000     81.883  0.000   0.000   0.000   87.730  99.857   7744.3   7686.4
466   2.177     0.000     81.934  0.000   0.000   0.000   87.722  99.857   7705.2   7758.9
467   2.145     0.000     82.077  0.000   0.000   0.000   87.746  99.857   7729.7   7737.4
468   2.095     0.000     81.917  0.000   0.000   0.000   87.738  99.857   7754.8   7727.1
469   2.120     0.000     81.861  0.000   0.000   0.000   87.730  99.857   7739.9   7747.1
470   2.093     0.000     81.825  0.000   0.000   0.000   87.746  99.857   7753.0   7701.1
471   2.136     0.000     81.893  0.000   0.000   0.000   87.754  99.857   7759.2   7754.3
472   2.125     0.000     81.799  0.000   0.000   0.000   87.746  99.857   7709.3   7744.1
473   2.110     0.000     81.942  0.000   0.000   0.000   87.738  99.857   7718.6   7711.7
474   2.170     0.000     81.851  0.000   0.000   0.000   87.722  99.857   7742.5   7724.2
475   2.113     0.000     81.934  0.000   0.000   0.000   87.730  99.857   7754.5   7725.3
476   2.113     0.000     81.878  0.000   0.000   0.000   87.730  99.857   7738.2   7713.2
477   2.118     0.000     81.981  0.000   0.000   0.000   87.730  99.857   7701.9   7675.6
478   2.130     0.000     81.945  0.000   0.000   0.000   87.722  99.857   7731.2   7686.2
479   2.116     0.000     81.846  0.000   0.000   0.000   87.730  99.857   7697.8   7755.2
480   2.129     0.000     81.897  0.000   0.000   0.000   87.746  99.857   7741.5   7733.1
481   2.135     0.000     81.874  0.000   0.000   0.000   87.754  99.857   7727.0   7725.1
482   2.103     0.000     81.893  0.000   0.000   0.000   87.754  99.857   7713.3   7747.6
483   2.092     0.000     81.893  0.000   0.000   0.000   87.738  99.857   7743.9   7735.3
484   2.110     0.000     81.833  0.000   0.000   0.000   87.746  99.857   7711.0   7682.8
485   2.097     0.000     81.662  0.000   0.000   0.000   87.746  99.857   7739.1   7758.8
486   2.051     0.000     81.855  0.000   0.000   0.000   87.746  99.857   7730.7   7754.1
487   2.094     0.000     81.927  0.000   0.000   0.000   87.738  99.857   7736.0   7713.3
488   2.048     0.000     81.848  0.000   0.000   0.000   87.770  99.857   7744.0   7709.9
489   2.074     0.000     81.754  0.000   0.000   0.000   87.770  99.857   7721.9   7702.0
490   2.101     0.000     81.761  0.000   0.000   0.000   87.762  99.857   7744.8   7752.9
491   2.082     0.000     81.945  0.000   0.000   0.000   87.762  99.857   7725.9   7725.7
492   2.084     0.000     81.851  0.000   0.000   0.000   87.738  99.857   7705.2   7732.7
493   2.068     0.000     81.983  0.000   0.000   0.000   87.754  99.857   7729.0   7705.6
494   2.039     0.000     81.972  0.000   0.000   0.000   87.762  99.857   7737.9   7737.6
495   2.070     0.000     81.846  0.000   0.000   0.000   87.770  99.857   7739.2   7694.1
496   2.013     0.000     81.818  0.000   0.000   0.000   87.746  99.857   7689.9   7754.5
497   2.059     0.000     81.771  0.000   0.000   0.000   87.746  99.857   7754.8   7693.6
498   2.081     0.000     81.889  0.000   0.000   0.000   87.754  99.857   7717.8   7700.4
499   2.056     0.000     81.707  0.000   0.000   0.000   87.762  99.857   7733.4   7721.9
500   2.078     0.000     81.769  0.000   0.000   0.000   87.770  99.857   7699.1   7630.5
501   2.090     0.000     81.729  0.000   0.000   0.000   87.762  99.857   7700.0   7678.1
502   2.011     0.000     81.814  0.000   0.000   0.000   87.762  99.857   7728.7   7725.2
503   2.065     0.000     81.930  0.000   0.000   0.000   87.754  99.857   7736.6   7738.8
504   2.127     0.000     82.024  0.000   0.000   0.000   87.754  99.857   7727.0   7754.3
505   2.071     0.000     81.992  0.000   0.000   0.000   87.762  99.857   7692.5   7755.6
506   2.029     0.000     81.874  0.000   0.000   0.000   87.754  99.857   7742.5   7727.8
507   2.041     0.000     81.743  0.000   0.000   0.000   87.754  99.857   7724.4   7728.1
508   2.129     0.000     82.006  0.000   0.000   0.000   87.754  99.857   7733.7   7744.2
509   2.028     0.000     81.855  0.000   0.000   0.000   87.754  99.857   7716.7   7755.5
510   2.067     0.000     81.855  0.000   0.000   0.000   87.730  99.857   7759.4   7739.9
511   2.022     0.000     81.752  0.000   0.000   0.000   87.722  99.857   7695.7   7724.0
512   1.996     0.000     81.795  0.000   0.000   0.000   87.722  99.857   7747.3   7732.8
513   2.053     0.000     81.765  0.000   0.000   0.000   87.730  99.857   7749.8   7689.9
514   2.019     0.000     81.739  0.000   0.000   0.000   87.706  99.857   7725.4   7709.9
515   2.093     0.000     81.953  0.000   0.000   0.000   87.706  99.857   7759.1   7688.7
516   2.036     0.000     81.835  0.000   0.000   0.000   87.714  99.857   7747.5   7741.7
517   2.056     0.000     82.006  0.000   0.000   0.000   87.722  99.857   7683.2   7667.2
518   2.040     0.000     81.869  0.000   0.000   0.000   87.722  99.857   7736.9   7678.1
519   2.086     0.000     81.741  0.000   0.000   0.000   87.722  99.857   7733.3   7703.2
520   2.026     0.000     82.056  0.000   0.000   0.000   87.722  99.857   7745.3   7719.9
521   2.044     0.000     81.902  0.000   0.000   0.000   87.722  99.857   7703.7   7715.9
522   1.985     0.000     81.962  0.000   0.000   0.000   87.722  99.857   7682.6   7732.5
523   2.058     0.000     81.901  0.000   0.000   0.000   87.722  99.857   7684.5   7730.7
524   2.024     0.000     82.098  0.000   0.000   0.000   87.730  99.857   7739.7   7741.6
525   1.990     0.000     81.953  0.000   0.000   0.000   87.738  99.857   7726.5   7733.0
526   2.105     0.000     81.807  0.000   0.000   0.000   87.730  99.857   7671.7   7717.5
527   2.014     0.000     81.955  0.000   0.000   0.000   87.738  99.857   7729.8   7696.9
528   1.997     0.000     81.865  0.000   0.000   0.000   87.730  99.857   7745.5   7749.9
529   1.969     0.000     81.987  0.000   0.000   0.000   87.746  99.857   7731.8   7656.4
530   1.991     0.000     81.936  0.000   0.000   0.000   87.738  99.857   7718.3   7716.7
531   1.972     0.000     82.006  0.000   0.000   0.000   87.738  99.857   7713.4   7675.9
532   1.972     0.000     81.955  0.000   0.000   0.000   87.738  99.857   7736.8   7693.7
533   2.036     0.000     81.972  0.000   0.000   0.000   87.746  99.857   7731.8   7736.6
534   1.992     0.000     81.861  0.000   0.000   0.000   87.754  99.857   7721.2   7704.3
535   2.061     0.000     81.840  0.000   0.000   0.000   87.746  99.857   7702.5   7695.9
536   1.942     0.000     81.844  0.000   0.000   0.000   87.730  99.857   7716.8   7705.3
537   2.010     0.000     81.906  0.000   0.000   0.000   87.738  99.857   7695.1   7700.1
538   1.954     0.000     81.812  0.000   0.000   0.000   87.722  99.857   7706.1   7622.4
539   1.992     0.000     81.915  0.000   0.000   0.000   87.722  99.857   7688.9   7724.1
540   2.008     0.000     81.887  0.000   0.000   0.000   87.722  99.857   7720.8   7717.8
541   1.952     0.000     81.902  0.000   0.000   0.000   87.722  99.857   7715.7   7744.7
542   1.987     0.000     82.009  0.000   0.000   0.000   87.722  99.857   7709.3   7662.8
543   2.017     0.000     81.893  0.000   0.000   0.000   87.714  99.857   7728.2   7713.2
544   1.981     0.000     81.961  0.000   0.000   0.000   87.714  99.857   7707.7   7746.2
545   1.990     0.000     81.878  0.000   0.000   0.000   87.714  99.857   7642.1   7720.5
546   1.942     0.000     81.835  0.000   0.000   0.000   87.714  99.865   7736.4   7716.3
547   2.005     0.000     81.968  0.000   0.000   0.000   87.706  99.865   7736.8   7739.0
548   1.966     0.000     82.000  0.000   0.000   0.000   87.706  99.865   7733.3   7698.6
549   2.010     0.000     82.150  0.000   0.000   0.000   87.706  99.857   7735.6   7747.3
550   1.971     0.000     82.122  0.000   0.000   0.000   87.691  99.857   7727.1   7733.3
551   1.970     0.000     82.071  0.000   0.000   0.000   87.691  99.857   7738.1   7664.1
552   2.022     0.000     81.878  0.000   0.000   0.000   87.683  99.865   7730.7   7726.9
553   2.024     0.000     82.103  0.000   0.000   0.000   87.659  99.865   7714.2   7690.1
554   1.960     0.000     82.090  0.000   0.000   0.000   87.675  99.865   7740.3   7739.2
555   2.008     0.000     82.062  0.000   0.000   0.000   87.675  99.857   7705.5   7710.7
556   2.023     0.000     82.090  0.000   0.000   0.000   87.675  99.857   7714.5   7741.4
557   1.990     0.000     81.940  0.000   0.000   0.000   87.675  99.857   7716.2   7688.7
558   1.939     0.000     81.803  0.000   0.000   0.000   87.675  99.865   7664.1   7676.5
559   1.996     0.000     81.925  0.000   0.000   0.000   87.675  99.865   7737.1   7726.0
560   1.957     0.000     81.925  0.000   0.000   0.000   87.675  99.865   7675.1   7712.7
561   1.996     0.000     81.981  0.000   0.000   0.000   87.675  99.865   7689.1   7684.7
562   1.977     0.000     81.962  0.000   0.000   0.000   87.675  99.865   7700.2   7715.0
563   1.930     0.000     81.987  0.000   0.000   0.000   87.675  99.865   7713.8   7675.7
564   1.944     0.000     81.987  0.000   0.000   0.000   87.683  99.865   7730.3   7741.3
565   1.987     0.000     81.844  0.000   0.000   0.000   87.683  99.865   7750.9   7746.5
566   2.008     0.000     82.034  0.000   0.000   0.000   87.675  99.865   7726.1   7745.4
567   2.011     0.000     81.962  0.000   0.000   0.000   87.667  99.865   7619.6   7711.2
568   2.006     0.000     81.906  0.000   0.000   0.000   87.667  99.865   7690.0   7721.2
569   1.933     0.000     81.977  0.000   0.000   0.000   87.659  99.865   7740.4   7743.7
570   1.969     0.000     82.043  0.000   0.000   0.000   87.659  99.865   7719.8   7684.5
571   1.995     0.000     81.784  0.000   0.000   0.000   87.659  99.865   7717.6   7700.5
572   1.956     0.000     82.066  0.000   0.000   0.000   87.659  99.865   7705.2   7736.0
573   1.970     0.000     81.959  0.000   0.000   0.000   87.651  99.865   7742.3   7742.7
574   1.896     0.000     81.912  0.000   0.000   0.000   87.643  99.865   7701.6   7703.9
575   1.971     0.000     81.944  0.000   0.000   0.000   87.643  99.865   7738.5   7705.6
576   1.971     0.000     81.964  0.000   0.000   0.000   87.643  99.857   7751.3   7698.9
577   1.931     0.000     81.859  0.000   0.000   0.000   87.651  99.865   7747.9   7749.9
578   1.951     0.000     81.840  0.000   0.000   0.000   87.635  99.865   7747.0   7713.9
579   1.941     0.000     81.940  0.000   0.000   0.000   87.627  99.865   7728.4   7727.9
580   1.853     0.000     81.681  0.000   0.000   0.000   87.635  99.865   7683.9   7672.1
581   1.966     0.000     81.878  0.000   0.000   0.000   87.635  99.865   7724.9   7699.0
582   1.977     0.000     81.737  0.000   0.000   0.000   87.643  99.865   7734.9   7697.0
583   1.901     0.000     81.799  0.000   0.000   0.000   87.651  99.865   7736.5   7753.8
584   1.937     0.000     81.944  0.000   0.000   0.000   87.643  99.865   7688.3   7732.4
585   1.987     0.000     81.934  0.000   0.000   0.000   87.667  99.865   7760.5   7705.4
586   1.925     0.000     81.818  0.000   0.000   0.000   87.659  99.865   7701.7   7713.0
587   1.943     0.000     81.596  0.000   0.000   0.000   87.659  99.865   7748.7   7688.7
588   1.935     0.000     81.668  0.000   0.000   0.000   87.667  99.865   7673.1   7706.9
589   1.961     0.000     81.549  0.000   0.000   0.000   87.667  99.865   7729.7   7697.5
590   1.971     0.000     81.596  0.000   0.000   0.000   87.667  99.865   7701.1   7729.4
591   1.957     0.000     81.668  0.000   0.000   0.000   87.659  99.865   7693.5   7704.8
592   1.991     0.000     81.718  0.000   0.000   0.000   87.667  99.865   7700.0   7655.2
593   1.892     0.000     81.724  0.000   0.000   0.000   87.667  99.865   7706.3   7701.3
594   1.908     0.000     81.568  0.000   0.000   0.000   87.675  99.865   7730.2   7669.9
595   1.984     0.000     81.761  0.000   0.000   0.000   87.659  99.857   7725.5   7730.3
596   1.895     0.000     81.624  0.000   0.000   0.000   87.643  99.865   7737.5   7700.7
597   1.999     0.000     81.837  0.000   0.000   0.000   87.643  99.865   7726.6   7729.4
598   1.923     0.000     81.906  0.000   0.000   0.000   87.627  99.865   7746.3   7743.6
599   1.892     0.000     81.955  0.000   0.000   0.000   87.627  99.857   7714.9   7751.4
600   1.942     0.000     81.874  0.000   0.000   0.000   87.627  99.857   7754.3   7757.6
601   1.893     0.000     81.668  0.000   0.000   0.000   87.627  99.857   7735.8   7751.9
602   1.876     0.000     81.589  0.000   0.000   0.000   87.619  99.857   7705.7   7712.0
603   1.890     0.000     81.859  0.000   0.000   0.000   87.619  99.857   7743.7   7731.3
604   1.922     0.000     81.979  0.000   0.000   0.000   87.619  99.857   7726.4   7717.5
605   1.906     0.000     81.930  0.000   0.000   0.000   87.619  99.857   7724.2   7692.5
606   1.867     0.000     81.889  0.000   0.000   0.000   87.619  99.857   7728.0   7698.8
607   1.892     0.000     81.589  0.000   0.000   0.000   87.627  99.857   7724.3   7744.6
608   1.931     0.000     81.523  0.000   0.000   0.000   87.627  99.857   7708.8   7688.8
609   1.881     0.000     81.555  0.000   0.000   0.000   87.619  99.857   7729.0   7710.6
610   1.865     0.000     81.705  0.000   0.000   0.000   87.619  99.865   7712.3   7714.0
611   1.939     0.000     81.484  0.000   0.000   0.000   87.603  99.865   7740.4   7717.7
612   1.906     0.000     81.677  0.000   0.000   0.000   87.603  99.865   7746.0   7699.9
613   1.930     0.000     81.690  0.000   0.000   0.000   87.611  99.865   7709.8   7721.2
614   1.882     0.000     81.634  0.000   0.000   0.000   87.611  99.865   7736.0   7704.0
615   1.906     0.000     81.835  0.000   0.000   0.000   87.627  99.865   7752.4   7734.0
616   1.920     0.000     81.887  0.000   0.000   0.000   87.619  99.865   7706.1   7740.2
617   1.868     0.000     81.827  0.000   0.000   0.000   87.635  99.865   7714.2   7715.3
618   1.903     0.000     81.855  0.000   0.000   0.000   87.619  99.865   7735.0   7702.4
619   1.872     0.000     81.705  0.000   0.000   0.000   87.619  99.865   7688.6   7728.7
620   1.967     0.000     81.818  0.000   0.000   0.000   87.619  99.865   7723.7   7732.1
621   1.912     0.000     81.564  0.000   0.000   0.000   87.619  99.865   7752.6   7694.9
622   1.904     0.000     81.761  0.000   0.000   0.000   87.603  99.865   7686.4   7762.6
623   1.872     0.000     81.628  0.000   0.000   0.000   87.603  99.865   7748.3   7714.7
624   1.903     0.000     81.585  0.000   0.000   0.000   87.619  99.865   7670.1   7693.1
625   1.869     0.000     81.493  0.000   0.000   0.000   87.611  99.865   7705.0   7722.3
626   1.885     0.000     81.831  0.000   0.000   0.000   87.619  99.865   7712.9   7737.9
627   1.906     0.000     81.818  0.000   0.000   0.000   87.611  99.865   7745.7   7713.8
628   1.871     0.000     81.733  0.000   0.000   0.000   87.611  99.865   7750.7   7735.5
629   1.909     0.000     81.714  0.000   0.000   0.000   87.619  99.865   7735.9   7723.9
630   1.903     0.000     81.846  0.000   0.000   0.000   87.619  99.865   7745.0   7749.9
631   1.876     0.000     81.677  0.000   0.000   0.000   87.619  99.865   7719.9   7755.7
632   1.829     0.000     81.859  0.000   0.000   0.000   87.635  99.865   7756.6   7693.7
633   1.888     0.000     81.831  0.000   0.000   0.000   87.627  99.865   7721.9   7692.1
634   1.823     0.000     81.775  0.000   0.000   0.000   87.627  99.865   7700.8   7725.2
635   1.852     0.000     81.681  0.000   0.000   0.000   87.635  99.865   7663.8   7719.8
636   1.851     0.000     81.915  0.000   0.000   0.000   87.651  99.865   7692.7   7706.0
637   1.841     0.000     81.883  0.000   0.000   0.000   87.643  99.865   7672.3   7730.5
638   1.863     0.000     81.893  0.000   0.000   0.000   87.659  99.865   7729.2   7710.0
639   1.798     0.000     81.724  0.000   0.000   0.000   87.667  99.865   7703.7   7749.8
640   1.857     0.000     81.705  0.000   0.000   0.000   87.667  99.865   7694.9   7711.6
641   1.919     0.000     81.771  0.000   0.000   0.000   87.667  99.865   7721.2   7760.3
642   1.889     0.000     81.855  0.000   0.000   0.000   87.667  99.865   7698.4   7731.1
643   1.908     0.000     81.639  0.000   0.000   0.000   87.667  99.865   7689.2   7752.4
644   1.842     0.000     81.799  0.000   0.000   0.000   87.667  99.865   7738.5   7734.9
645   1.836     0.000     81.728  0.000   0.000   0.000   87.675  99.865   7724.8   7724.0
646   1.889     0.000     81.765  0.000   0.000   0.000   87.675  99.865   7729.5   7740.2
647   1.833     0.000     81.592  0.000   0.000   0.000   87.675  99.865   7750.7   7751.7
648   1.823     0.000     81.611  0.000   0.000   0.000   87.659  99.865   7745.2   7739.1
649   1.879     0.000     81.677  0.000   0.000   0.000   87.659  99.865   7707.8   7708.1
650   1.871     0.000     81.574  0.000   0.000   0.000   87.651  99.865   7741.0   7665.8
651   1.858     0.000     81.752  0.000   0.000   0.000   87.643  99.865   7751.1   7738.4
652   1.816     0.000     81.761  0.000   0.000   0.000   87.643  99.865   7752.0   7706.8
653   1.865     0.000     81.831  0.000   0.000   0.000   87.651  99.865   7703.3   7754.5
654   1.898     0.000     81.771  0.000   0.000   0.000   87.659  99.865   7746.4   7729.2
655   1.830     0.000     81.855  0.000   0.000   0.000   87.643  99.865   7704.4   7721.3
656   1.799     0.000     81.780  0.000   0.000   0.000   87.635  99.865   7691.7   7753.8
657   1.879     0.000     81.883  0.000   0.000   0.000   87.635  99.865   7751.5   7692.2
658   1.790     0.000     81.634  0.000   0.000   0.000   87.643  99.865   7749.6   7730.1
659   1.803     0.000     81.696  0.000   0.000   0.000   87.643  99.865   7652.8   7683.1
660   1.767     0.000     81.696  0.000   0.000   0.000   87.635  99.865   7745.5   7720.3
661   1.832     0.000     81.756  0.000   0.000   0.000   87.627  99.865   7719.3   7721.0
662   1.815     0.000     81.484  0.000   0.000   0.000   87.627  99.865   6491.7   7687.7
663   1.866     0.000     81.634  0.000   0.000   0.000   87.611  99.865   7736.2   7746.6
664   1.817     0.000     81.564  0.000   0.000   0.000   87.611  99.865   7750.7   7752.4
665   1.832     0.000     81.602  0.000   0.000   0.000   87.603  99.865   7605.6   7694.6
666   1.889     0.000     81.591  0.000   0.000   0.000   87.603  99.865   7715.1   7747.9
667   1.834     0.000     81.803  0.000   0.000   0.000   87.587  99.865   6647.3   6333.1
668   1.805     0.000     81.714  0.000   0.000   0.000   87.564  99.865   6526.1   5749.4
669   1.822     0.000     81.752  0.000   0.000   0.000   87.564  99.865   5783.2   6430.2
670   1.849     0.000     81.690  0.000   0.000   0.000   87.564  99.865   5986.7   5481.9
671   1.773     0.000     81.668  0.000   0.000   0.000   87.564  99.865   5933.0   6251.4
672   1.815     0.000     81.837  0.000   0.000   0.000   87.556  99.865   6622.5   6607.4
673   1.860     0.000     81.765  0.000   0.000   0.000   87.556  99.865   5662.0   6400.8
674   1.866     0.000     81.987  0.000   0.000   0.000   87.548  99.865   6048.7   5982.7
675   1.824     0.000     81.658  0.000   0.000   0.000   87.564  99.865   6581.5   6627.3
676   1.791     0.000     81.743  0.000   0.000   0.000   87.564  99.865   6239.6   6636.2
677   1.841     0.000     81.677  0.000   0.000   0.000   87.556  99.865   6590.9   6535.5
678   1.837     0.000     81.480  0.000   0.000   0.000   87.556  99.865   6648.9   6604.3
679   1.825     0.000     81.671  0.000   0.000   0.000   87.564  99.865   6612.0   6591.3
680   1.824     0.000     81.621  0.000   0.000   0.000   87.548  99.865   6652.2   6314.1
681   1.799     0.000     81.643  0.000   0.000   0.000   87.540  99.865   6583.0   6623.2
682   1.778     0.000     81.568  0.000   0.000   0.000   87.532  99.865   6595.2   6570.8
683   1.813     0.000     81.761  0.000   0.000   0.000   87.540  99.865   7736.4   7699.4
684   1.828     0.000     81.784  0.000   0.000   0.000   87.540  99.865   7659.1   7741.6
685   1.856     0.000     81.628  0.000   0.000   0.000   87.548  99.865   7742.1   7755.2
686   1.780     0.000     81.534  0.000   0.000   0.000   87.548  99.865   7720.3   7761.2
687   1.795     0.000     81.668  0.000   0.000   0.000   87.532  99.865   7743.9   7721.6
688   1.781     0.000     81.643  0.000   0.000   0.000   87.532  99.865   7719.3   7742.0
689   1.788     0.000     81.741  0.000   0.000   0.000   87.532  99.865   7732.9   7750.7
690   1.813     0.000     81.714  0.000   0.000   0.000   87.540  99.865   7691.8   7726.3
691   1.792     0.000     81.664  0.000   0.000   0.000   87.548  99.865   7710.5   7689.2
692   1.775     0.000     81.767  0.000   0.000   0.000   87.540  99.865   7746.1   7704.4
693   1.792     0.000     81.859  0.000   0.000   0.000   87.548  99.865   7737.4   7700.3
694   1.850     0.000     81.775  0.000   0.000   0.000   87.532  99.865   7707.1   7710.1
695   1.820     0.000     81.455  0.000   0.000   0.000   87.524  99.865   7724.7   7739.3
696   1.769     0.000     81.592  0.000   0.000   0.000   87.524  99.865   7736.6   7727.6
697   1.815     0.000     81.686  0.000   0.000   0.000   87.516  99.865   7705.3   7739.1
698   1.804     0.000     81.765  0.000   0.000   0.000   87.508  99.865   7732.2   7692.2
699   1.798     0.000     81.818  0.000   0.000   0.000   87.508  99.865   7736.7   7724.6
700   1.724     0.000     81.621  0.000   0.000   0.000   87.516  99.865   7704.0   7677.7
701   1.784     0.000     81.803  0.000   0.000   0.000   87.500  99.873   7726.7   7676.0
702   1.777     0.000     81.865  0.000   0.000   0.000   87.516  99.865   7738.9   7697.3
703   1.811     0.000     81.793  0.000   0.000   0.000   87.524  99.873   7719.5   7742.4
704   1.829     0.000     81.854  0.000   0.000   0.000   87.532  99.873   7691.7   7701.0
705   1.828     0.000     81.705  0.000   0.000   0.000   87.500  99.873   7730.1   7727.1
706   1.778     0.000     81.761  0.000   0.000   0.000   87.508  99.865   7689.4   7743.7
707   1.819     0.000     81.842  0.000   0.000   0.000   87.500  99.865   7718.4   7730.5
708   1.777     0.000     81.607  0.000   0.000   0.000   87.484  99.865   7703.4   7726.3
709   1.797     0.000     81.831  0.000   0.000   0.000   87.492  99.865   7712.4   7696.4
710   1.816     0.000     81.878  0.000   0.000   0.000   87.500  99.865   7693.5   7706.8
711   1.777     0.000     81.696  0.000   0.000   0.000   87.492  99.865   7735.1   7693.2
712   1.813     0.000     81.728  0.000   0.000   0.000   87.492  99.873   7721.4   7730.2
713   1.800     0.000     81.647  0.000   0.000   0.000   87.492  99.873   7729.3   7732.7
714   1.787     0.000     81.827  0.000   0.000   0.000   87.500  99.865   7701.0   7732.1
715   1.759     0.000     81.647  0.000   0.000   0.000   87.500  99.873   7736.8   7726.1
716   1.743     0.000     81.771  0.000   0.000   0.000   87.500  99.865   7721.9   7733.3
717   1.812     0.000     81.859  0.000   0.000   0.000   87.500  99.865   7725.0   7678.6
718   1.751     0.000     81.677  0.000   0.000   0.000   87.492  99.865   7740.8   7737.6
719   1.792     0.000     81.568  0.000   0.000   0.000   87.492  99.873   7739.8   7726.9
720   1.731     0.000     81.709  0.000   0.000   0.000   87.484  99.873   7748.2   7737.0
721   1.804     0.000     81.700  0.000   0.000   0.000   87.476  99.873   7736.1   7701.3
722   1.769     0.000     81.649  0.000   0.000   0.000   87.476  99.865   7755.3   7728.2
723   1.810     0.000     81.882  0.000   0.000   0.000   87.476  99.873   7741.6   7723.7
724   1.754     0.000     81.760  0.000   0.000   0.000   87.484  99.873   7712.0   7770.3
725   1.830     0.000     81.728  0.000   0.000   0.000   87.484  99.873   7709.7   7747.2
726   1.758     0.000     81.780  0.000   0.000   0.000   87.484  99.873   7716.1   7744.9
727   1.723     0.000     81.807  0.000   0.000   0.000   87.492  99.873   7747.2   7733.7
728   1.734     0.000     81.733  0.000   0.000   0.000   87.508  99.873   7740.0   7777.5
729   1.773     0.000     81.737  0.000   0.000   0.000   87.516  99.873   7667.9   7724.7
730   1.735     0.000     81.634  0.000   0.000   0.000   87.524  99.873   7693.2   7728.9
731   1.763     0.000     81.630  0.000   0.000   0.000   87.524  99.873   7710.8   7694.4
732   1.754     0.000     81.733  0.000   0.000   0.000   87.524  99.873   7723.7   7718.8
733   1.754     0.000     81.752  0.000   0.000   0.000   87.532  99.865   7631.4   7738.1
734   1.740     0.000     81.746  0.000   0.000   0.000   87.532  99.873   7739.7   7744.0
735   1.818     0.000     81.756  0.000   0.000   0.000   87.540  99.873   7700.6   7747.6
736   1.766     0.000     81.728  0.000   0.000   0.000   87.532  99.873   7748.0   7709.9
737   1.792     0.000     81.869  0.000   0.000   0.000   87.540  99.873   7728.9   7720.7
738   1.736     0.000     81.606  0.000   0.000   0.000   87.540  99.873   7746.6   7756.9
739   1.808     0.000     81.746  0.000   0.000   0.000   87.540  99.873   7757.9   7739.0
740   1.752     0.000     81.756  0.000   0.000   0.000   87.556  99.873   7747.1   7715.9
741   1.770     0.000     81.756  0.000   0.000   0.000   87.556  99.873   7733.8   7744.1
742   1.720     0.000     81.690  0.000   0.000   0.000   87.556  99.873   7725.1   7731.6
743   1.796     0.000     81.653  0.000   0.000   0.000   87.548  99.873   7627.9   7724.7
744   1.719     0.000     81.737  0.000   0.000   0.000   87.532  99.873   7743.5   7731.3
745   1.722     0.000     81.822  0.000   0.000   0.000   87.540  99.873   7698.5   7742.0
746   1.742     0.000     81.611  0.000   0.000   0.000   87.540  99.873   7706.8   7721.3
747   1.764     0.000     81.752  0.000   0.000   0.000   87.548  99.873   7691.2   7698.1
748   1.787     0.000     81.606  0.000   0.000   0.000   87.556  99.873   7661.6   7654.1
749   1.725     0.000     81.577  0.000   0.000   0.000   87.556  99.873   7746.1   7739.0
750   1.781     0.000     81.653  0.000   0.000   0.000   87.540  99.873   7720.7   7704.0
751   1.789     0.000     81.807  0.000   0.000   0.000   87.540  99.873   7730.4   7725.8
752   1.783     0.000     81.666  0.000   0.000   0.000   87.532  99.873   7722.4   7712.5
753   1.734     0.000     81.775  0.000   0.000   0.000   87.532  99.873   7741.9   7728.0
754   1.730     0.000     81.647  0.000   0.000   0.000   87.532  99.873   7703.4   7694.4
755   1.795     0.000     81.666  0.000   0.000   0.000   87.532  99.873   7721.3   7726.2
756   1.748     0.000     81.825  0.000   0.000   0.000   87.524  99.873   7740.1   7684.6
757   1.768     0.000     81.859  0.000   0.000   0.000   87.516  99.873   7744.2   7744.3
758   1.696     0.000     81.784  0.000   0.000   0.000   87.508  99.873   7703.7   7690.9
759   1.752     0.000     81.632  0.000   0.000   0.000   87.508  99.873   7735.4   7699.6
760   1.728     0.000     81.408  0.000   0.000   0.000   87.508  99.873   7740.9   7718.7
761   1.715     0.000     81.746  0.000   0.000   0.000   87.508  99.873   7690.6   7745.9
762   1.758     0.000     81.634  0.000   0.000   0.000   87.508  99.873   7698.1   7680.9
763   1.801     0.000     81.681  0.000   0.000   0.000   87.508  99.873   7716.5   7678.9
764   1.747     0.000     81.681  0.000   0.000   0.000   87.500  99.873   7726.7   7697.1
765   1.750     0.000     81.765  0.000   0.000   0.000   87.500  99.873   7724.8   7700.7
766   1.724     0.000     81.724  0.000   0.000   0.000   87.500  99.873   7737.5   7708.7
767   1.741     0.000     81.686  0.000   0.000   0.000   87.500  99.873   7693.9   7739.1
768   1.733     0.000     81.568  0.000   0.000   0.000   87.500  99.873   7698.1   7734.1
769   1.708     0.000     81.502  0.000   0.000   0.000   87.500  99.873   7720.4   7656.4
770   1.771     0.000     81.869  0.000   0.000   0.000   87.492  99.873   7670.0   7715.4
771   1.727     0.000     81.837  0.000   0.000   0.000   87.492  99.873   7733.4   7735.8
772   1.696     0.000     81.737  0.000   0.000   0.000   87.484  99.873   7701.8   7711.1
773   1.748     0.000     81.752  0.000   0.000   0.000   87.500  99.873   7731.7   7674.7
774   1.749     0.000     81.803  0.000   0.000   0.000   87.500  99.873   7731.1   7740.7
775   1.758     0.000     81.470  0.000   0.000   0.000   87.500  99.873   7730.8   7743.4
776   1.733     0.000     81.577  0.000   0.000   0.000   87.500  99.873   7683.5   7718.9
777   1.756     0.000     81.489  0.000   0.000   0.000   87.492  99.873   7684.1   7755.5
778   1.665     0.000     81.512  0.000   0.000   0.000   87.492  99.873   7679.2   7744.2
779   1.727     0.000     81.818  0.000   0.000   0.000   87.492  99.873   7708.0   7721.2
780   1.755     0.000     81.883  0.000   0.000   0.000   87.484  99.873   7702.6   7718.8
781   1.720     0.000     81.780  0.000   0.000   0.000   87.476  99.873   7731.4   7706.0
782   1.722     0.000     81.577  0.000   0.000   0.000   87.468  99.873   7702.7   7726.2
783   1.708     0.000     81.512  0.000   0.000   0.000   87.468  99.873   7745.3   7742.1
784   1.725     0.000     81.728  0.000   0.000   0.000   87.468  99.873   7676.3   7730.3
785   1.735     0.000     81.688  0.000   0.000   0.000   87.468  99.873   7711.9   7692.1
786   1.669     0.000     81.624  0.000   0.000   0.000   87.468  99.873   7704.5   7765.5
787   1.668     0.000     81.643  0.000   0.000   0.000   87.468  99.873   7588.8   7741.3
788   1.697     0.000     81.624  0.000   0.000   0.000   87.468  99.873   7695.3   7748.9
789   1.711     0.000     81.656  0.000   0.000   0.000   87.468  99.873   7759.2   7745.5
790   1.768     0.000     81.728  0.000   0.000   0.000   87.468  99.873   7705.0   7746.3
791   1.725     0.000     81.628  0.000   0.000   0.000   87.468  99.873   7715.9   7727.4
792   1.731     0.000     81.728  0.000   0.000   0.000   87.476  99.873   7719.0   7747.9
793   1.762     0.000     81.765  0.000   0.000   0.000   87.492  99.873   7727.8   7735.7
794   1.707     0.000     81.793  0.000   0.000   0.000   87.492  99.873   7693.6   7737.3
795   1.680     0.000     81.756  0.000   0.000   0.000   87.476  99.873   7707.1   7687.9
796   1.712     0.000     81.647  0.000   0.000   0.000   87.476  99.873   7729.6   7725.5
797   1.745     0.000     81.869  0.000   0.000   0.000   87.476  99.873   7731.3   7710.2
798   1.761     0.000     81.681  0.000   0.000   0.000   87.484  99.873   7731.2   7730.7
799   1.694     0.000     81.671  0.000   0.000   0.000   87.484  99.873   7727.7   7754.8
800   1.711     0.000     81.624  0.000   0.000   0.000   87.484  99.873   7721.6   7720.9
801   1.732     0.000     81.822  0.000   0.000   0.000   87.484  99.873   7733.6   7738.8
802   1.655     0.000     81.793  0.000   0.000   0.000   87.484  99.873   7737.3   7730.5
803   1.717     0.000     81.700  0.000   0.000   0.000   87.484  99.873   7746.5   7710.2
804   1.636     0.000     81.765  0.000   0.000   0.000   87.492  99.873   7751.8   7751.0
805   1.736     0.000     81.478  0.000   0.000   0.000   87.484  99.873   7737.4   7717.4
806   1.721     0.000     81.803  0.000   0.000   0.000   87.492  99.873   7718.0   7744.8
807   1.736     0.000     81.822  0.000   0.000   0.000   87.492  99.873   7744.7   7747.3
808   1.745     0.000     81.869  0.000   0.000   0.000   87.492  99.873   7755.0   7687.5
809   1.683     0.000     81.756  0.000   0.000   0.000   87.500  99.873   7705.3   7681.9
810   1.679     0.000     81.893  0.000   0.000   0.000   87.500  99.873   7711.6   7729.7
811   1.696     0.000     81.891  0.000   0.000   0.000   87.508  99.873   7728.8   7709.0
812   1.724     0.000     81.854  0.000   0.000   0.000   87.500  99.873   7697.3   7737.2
813   1.739     0.000     81.700  0.000   0.000   0.000   87.500  99.873   7742.1   7740.7
814   1.755     0.000     81.906  0.000   0.000   0.000   87.500  99.873   7724.7   7613.3
815   1.662     0.000     81.750  0.000   0.000   0.000   87.500  99.873   7737.2   7683.2
816   1.655     0.000     81.737  0.000   0.000   0.000   87.500  99.873   7690.5   7745.3
817   1.691     0.000     81.737  0.000   0.000   0.000   87.492  99.873   7718.4   7738.7
818   1.713     0.000     81.662  0.000   0.000   0.000   87.492  99.873   7711.3   7725.3
819   1.660     0.000     81.592  0.000   0.000   0.000   87.492  99.873   7696.5   7706.8
820   1.695     0.000     81.780  0.000   0.000   0.000   87.492  99.873   7740.9   7736.4
821   1.667     0.000     81.771  0.000   0.000   0.000   87.500  99.873   7717.4   7726.0
822   1.671     0.000     81.694  0.000   0.000   0.000   87.500  99.873   7719.3   7711.7
823   1.662     0.000     81.668  0.000   0.000   0.000   87.500  99.873   7729.5   7751.0
824   1.666     0.000     81.728  0.000   0.000   0.000   87.500  99.873   7673.5   7659.9
825   1.675     0.000     81.897  0.000   0.000   0.000   87.500  99.873   7692.7   7725.5
826   1.677     0.000     81.769  0.000   0.000   0.000   87.500  99.873   7746.4   7736.4
827   1.656     0.000     81.641  0.000   0.000   0.000   87.500  99.873   7669.7   7699.7
828   1.686     0.000     81.728  0.000   0.000   0.000   87.508  99.873   7716.5   7181.4
829   1.654     0.000     81.752  0.000   0.000   0.000   87.508  99.873   7688.5   7717.9
830   1.624     0.000     81.775  0.000   0.000   0.000   87.508  99.873   7743.6   7659.4
831   1.692     0.000     81.690  0.000   0.000   0.000   87.508  99.873   7701.9   7717.3
832   1.736     0.000     81.559  0.000   0.000   0.000   87.508  99.873   7681.4   7726.1
833   1.652     0.000     81.799  0.000   0.000   0.000   87.508  99.873   7732.6   7702.2
834   1.627     0.000     81.643  0.000   0.000   0.000   87.508  99.873   7747.7   7714.3
835   1.690     0.000     81.784  0.000   0.000   0.000   87.508  99.873   7736.2   7738.3
836   1.729     0.000     81.577  0.000   0.000   0.000   87.516  99.873   7724.6   7709.1
837   1.644     0.000     81.681  0.000   0.000   0.000   87.524  99.873   7707.5   7706.2
838   1.708     0.000     81.713  0.000   0.000   0.000   87.516  99.873   7732.3   7705.0
839   1.645     0.000     81.775  0.000   0.000   0.000   87.508  99.873   7727.3   7729.1
840   1.639     0.000     81.643  0.000   0.000   0.000   87.516  99.873   7733.6   7734.7
841   1.730     0.000     81.728  0.000   0.000   0.000   87.524  99.873   7744.4   7735.1
842   1.697     0.000     81.761  0.000   0.000   0.000   87.508  99.873   7723.3   7728.2
843   1.617     0.000     81.662  0.000   0.000   0.000   87.508  99.873   7707.8   7734.3
844   1.677     0.000     81.732  0.000   0.000   0.000   87.508  99.873   7720.9   7712.8
845   1.695     0.000     81.906  0.000   0.000   0.000   87.508  99.873   7716.3   7755.8
846   1.668     0.000     81.865  0.000   0.000   0.000   87.508  99.873   7690.0   7736.6
847   1.701     0.000     81.902  0.000   0.000   0.000   87.508  99.873   7722.3   7742.3
848   1.637     0.000     81.694  0.000   0.000   0.000   87.516  99.873   7730.0   7761.1
849   1.677     0.000     81.643  0.000   0.000   0.000   87.516  99.873   7661.5   7712.6
850   1.619     0.000     81.756  0.000   0.000   0.000   87.524  99.873   7698.0   7723.3
851   1.650     0.000     81.793  0.000   0.000   0.000   87.540  99.873   7751.2   7741.6
852   1.642     0.000     81.746  0.000   0.000   0.000   87.548  99.873   7732.6   7717.3
853   1.645     0.000     81.793  0.000   0.000   0.000   87.548  99.873   7706.1   7756.1
854   1.642     0.000     81.840  0.000   0.000   0.000   87.548  99.873   7743.5   7752.0
855   1.701     0.000     81.737  0.000   0.000   0.000   87.548  99.873   7729.2   7703.6
856   1.705     0.000     81.709  0.000   0.000   0.000   87.556  99.873   7739.0   7732.7
857   1.682     0.000     81.878  0.000   0.000   0.000   87.556  99.873   7691.7   7707.5
858   1.664     0.000     81.878  0.000   0.000   0.000   87.548  99.873   7724.7   7717.5
859   1.645     0.000     81.915  0.000   0.000   0.000   87.548  99.873   7716.0   7750.0
860   1.634     0.000     81.962  0.000   0.000   0.000   87.548  99.873   7739.1   7728.7
861   1.625     0.000     81.897  0.000   0.000   0.000   87.548  99.873   7744.3   7681.0
862   1.720     0.000     81.897  0.000   0.000   0.000   87.556  99.873   7752.5   7741.4
863   1.661     0.000     81.793  0.000   0.000   0.000   87.556  99.873   7730.7   7705.3
864   1.591     0.000     81.775  0.000   0.000   0.000   87.556  99.873   7724.4   7736.2
865   1.761     0.000     81.925  0.000   0.000   0.000   87.556  99.873   7690.4   7728.2
866   1.647     0.000     81.837  0.000   0.000   0.000   87.556  99.873   7693.1   7727.8
867   1.651     0.000     81.837  0.000   0.000   0.000   87.564  99.873   7672.7   7718.5
868   1.685     0.000     81.906  0.000   0.000   0.000   87.564  99.873   7643.0   7742.4
869   1.624     0.000     81.925  0.000   0.000   0.000   87.564  99.873   7724.2   7708.2
870   1.619     0.000     81.649  0.000   0.000   0.000   87.548  99.873   7648.4   7714.6
871   1.716     0.000     81.793  0.000   0.000   0.000   87.564  99.873   7678.1   7695.6
872   1.646     0.000     81.893  0.000   0.000   0.000   87.564  99.873   7649.6   7676.6
873   1.591     0.000     81.615  0.000   0.000   0.000   87.564  99.873   6626.2   6599.2
874   1.646     0.000     81.709  0.000   0.000   0.000   87.556  99.873   5804.6   5766.4
875   1.658     0.000     81.559  0.000   0.000   0.000   87.556  99.873   6419.4   6522.0
876   1.634     0.000     81.681  0.000   0.000   0.000   87.540  99.873   6567.7   6594.3
877   1.675     0.000     81.722  0.000   0.000   0.000   87.548  99.873   6533.1   6635.1
878   1.610     0.000     81.874  0.000   0.000   0.000   87.548  99.873   6633.6   6584.1
879   1.638     0.000     81.737  0.000   0.000   0.000   87.556  99.873   6317.6   6528.8
880   1.639     0.000     81.705  0.000   0.000   0.000   87.556  99.873   6359.5   6554.7
881   1.655     0.000     81.822  0.000   0.000   0.000   87.548  99.873   7748.0   7729.4
882   1.673     0.000     81.756  0.000   0.000   0.000   87.556  99.873   7741.9   7696.8
883   1.598     0.000     81.746  0.000   0.000   0.000   87.556  99.873   7720.4   7707.6
884   1.648     0.000     81.835  0.000   0.000   0.000   87.556  99.873   7701.8   7668.1
885   1.657     0.000     81.901  0.000   0.000   0.000   87.564  99.873   7698.7   7731.1
886   1.624     0.000     81.803  0.000   0.000   0.000   87.556  99.873   7699.6   7729.3
887   1.641     0.000     81.790  0.000   0.000   0.000   87.548  99.873   7737.3   7596.3
888   1.679     0.000     81.724  0.000   0.000   0.000   87.540  99.873   7743.6   7732.5
889   1.658     0.000     81.878  0.000   0.000   0.000   87.540  99.873   6620.3   6539.9
890   1.612     0.000     81.647  0.000   0.000   0.000   87.540  99.873   6613.1   6622.0
891   1.651     0.000     81.835  0.000   0.000   0.000   87.532  99.873   5515.4   6563.1
892   1.632     0.000     81.788  0.000   0.000   0.000   87.524  99.873   6637.5   6496.5
893   1.684     0.000     81.756  0.000   0.000   0.000   87.516  99.873   6049.4   6123.5
894   1.670     0.000     81.656  0.000   0.000   0.000   87.508  99.873   5841.7   6353.2
895   1.603     0.000     81.717  0.000   0.000   0.000   87.508  99.873   6140.2   6305.8
896   1.610     0.000     81.671  0.000   0.000   0.000   87.500  99.873   6586.1   5530.9
897   1.648     0.000     81.651  0.000   0.000   0.000   87.500  99.873   7716.7   7655.0
898   1.590     0.000     81.829  0.000   0.000   0.000   87.500  99.873   7707.2   7700.5
899   1.604     0.000     81.835  0.000   0.000   0.000   87.500  99.873   7671.9   7687.4
900   1.627     0.000     81.746  0.000   0.000   0.000   87.500  99.873   7721.4   7713.4
901   1.651     0.000     81.970  0.000   0.000   0.000   87.500  99.873   7729.8   7721.4
902   1.608     0.000     81.741  0.000   0.000   0.000   87.508  99.873   7680.1   7705.4
903   1.632     0.000     81.643  0.000   0.000   0.000   87.508  99.873   7747.7   7745.8
904   1.648     0.000     81.863  0.000   0.000   0.000   87.516  99.873   7727.2   7748.2
905   1.599     0.000     81.897  0.000   0.000   0.000   87.508  99.873   7703.0   7722.5
906   1.621     0.000     81.793  0.000   0.000   0.000   87.516  99.873   7721.5   7690.3
907   1.643     0.000     81.957  0.000   0.000   0.000   87.508  99.873   7726.0   7694.4
908   1.671     0.000     81.775  0.000   0.000   0.000   87.516  99.873   7710.0   7702.2
909   1.666     0.000     81.741  0.000   0.000   0.000   87.508  99.873   7726.9   7693.0
910   1.632     0.000     81.628  0.000   0.000   0.000   87.516  99.873   7646.9   7734.9
911   1.598     0.000     81.617  0.000   0.000   0.000   87.516  99.873   7646.2   7699.1
912   1.572     0.000     81.760  0.000   0.000   0.000   87.524  99.873   7737.2   7736.1
913   1.572     0.000     81.718  0.000   0.000   0.000   87.532  99.873   7725.3   7716.5
914   1.597     0.000     81.989  0.000   0.000   0.000   87.532  99.873   7756.1   7663.0
915   1.585     0.000     81.863  0.000   0.000   0.000   87.532  99.873   7695.9   7612.4
916   1.638     0.000     81.660  0.000   0.000   0.000   87.532  99.873   7715.3   7690.6
917   1.652     0.000     81.820  0.000   0.000   0.000   87.532  99.873   7711.0   7712.7
918   1.619     0.000     81.662  0.000   0.000   0.000   87.532  99.873   7653.1   7726.3
919   1.631     0.000     81.925  0.000   0.000   0.000   87.540  99.873   7699.4   7744.7
920   1.669     0.000     81.844  0.000   0.000   0.000   87.540  99.873   7692.2   7754.5
921   1.622     0.000     81.837  0.000   0.000   0.000   87.540  99.873   7737.2   7729.6
922   1.602     0.000     81.778  0.000   0.000   0.000   87.540  99.873   7704.8   7693.3
923   1.639     0.000     81.825  0.000   0.000   0.000   87.540  99.873   7745.3   7724.2
924   1.614     0.000     81.803  0.000   0.000   0.000   87.540  99.873   7735.4   7663.8
925   1.606     0.000     81.886  0.000   0.000   0.000   87.540  99.873   7736.1   7703.1
926   1.597     0.000     81.722  0.000   0.000   0.000   87.540  99.873   7726.7   7694.9
927   1.589     0.000     81.863  0.000   0.000   0.000   87.540  99.873   7683.6   7720.5
928   1.566     0.000     81.859  0.000   0.000   0.000   87.540  99.873   7675.2   7690.3
929   1.606     0.000     81.790  0.000   0.000   0.000   87.548  99.873   7710.4   7725.1
930   1.630     0.000     81.741  0.000   0.000   0.000   87.548  99.873   7713.2   7738.3
931   1.586     0.000     81.859  0.000   0.000   0.000   87.556  99.873   7751.8   7707.8
932   1.560     0.000     81.944  0.000   0.000   0.000   87.556  99.873   7716.4   7705.8
933   1.597     0.000     81.844  0.000   0.000   0.000   87.556  99.873   7719.7   7745.3
934   1.594     0.000     81.628  0.000   0.000   0.000   87.556  99.873   7677.2   7759.6
935   1.578     0.000     81.831  0.000   0.000   0.000   87.556  99.873   7748.5   7730.0
936   1.610     0.000     81.882  0.000   0.000   0.000   87.556  99.873   7740.5   7708.2
937   1.580     0.000     81.793  0.000   0.000   0.000   87.556  99.873   7744.8   7659.7
938   1.648     0.000     81.869  0.000   0.000   0.000   87.548  99.873   7750.8   7759.4
939   1.636     0.000     81.587  0.000   0.000   0.000   87.556  99.873   7740.8   7748.7
940   1.645     0.000     81.700  0.000   0.000   0.000   87.548  99.873   7725.5   7750.6
941   1.613     0.000     81.752  0.000   0.000   0.000   87.548  99.873   7724.3   7738.2
942   1.620     0.000     81.812  0.000   0.000   0.000   87.548  99.873   7738.9   7749.6
943   1.573     0.000     81.775  0.000   0.000   0.000   87.540  99.873   7749.5   7718.1
944   1.658     0.000     81.647  0.000   0.000   0.000   87.540  99.873   7718.1   7727.9
945   1.603     0.000     81.822  0.000   0.000   0.000   87.532  99.873   7720.3   7736.4
946   1.559     0.000     81.906  0.000   0.000   0.000   87.532  99.873   7755.0   7716.1
947   1.645     0.000     81.793  0.000   0.000   0.000   87.532  99.873   7692.6   7739.6
948   1.513     0.000     81.869  0.000   0.000   0.000   87.540  99.873   7697.6   7732.4
949   1.557     0.000     81.863  0.000   0.000   0.000   87.540  99.873   7736.8   7720.7
950   1.616     0.000     81.820  0.000   0.000   0.000   87.540  99.873   7744.1   7716.0
951   1.612     0.000     81.840  0.000   0.000   0.000   87.532  99.873   7751.5   7701.5
952   1.630     0.000     81.756  0.000   0.000   0.000   87.532  99.873   7707.0   7746.0
953   1.569     0.000     81.863  0.000   0.000   0.000   87.532  99.873   7741.3   7729.4
954   1.609     0.000     81.792  0.000   0.000   0.000   87.524  99.873   7693.7   7748.3
955   1.638     0.000     81.750  0.000   0.000   0.000   87.524  99.873   7733.8   7737.0
956   1.587     0.000     81.878  0.000   0.000   0.000   87.532  99.873   7711.0   7740.6
957   1.611     0.000     81.854  0.000   0.000   0.000   87.532  99.873   7749.3   7767.9
958   1.595     0.000     81.797  0.000   0.000   0.000   87.532  99.873   7743.0   7736.7
959   1.597     0.000     81.933  0.000   0.000   0.000   87.532  99.873   7754.9   7756.8
960   1.593     0.000     81.698  0.000   0.000   0.000   87.532  99.873   7760.2   7717.9
961   1.541     0.000     81.749  0.000   0.000   0.000   87.532  99.873   7769.3   7696.6
962   1.615     0.000     81.886  0.000   0.000   0.000   87.532  99.873   7749.4   7726.9
963   1.586     0.000     81.938  0.000   0.000   0.000   87.532  99.873   7728.2   7758.6
964   1.608     0.000     82.017  0.000   0.000   0.000   87.532  99.873   7724.5   7733.0
965   1.577     0.000     81.807  0.000   0.000   0.000   87.540  99.873   7692.1   7695.9
966   1.598     0.000     81.915  0.000   0.000   0.000   87.540  99.873   7721.9   7725.2
967   1.544     0.000     81.998  0.000   0.000   0.000   87.532  99.873   7734.7   7713.3
968   1.580     0.000     81.788  0.000   0.000   0.000   87.532  99.873   7712.4   7745.1
969   1.549     0.000     81.929  0.000   0.000   0.000   87.540  99.873   7740.2   7708.4
970   1.585     0.000     81.628  0.000   0.000   0.000   87.540  99.873   7746.8   7733.0
971   1.596     0.000     81.886  0.000   0.000   0.000   87.540  99.873   7716.7   7749.0
972   1.603     0.000     81.854  0.000   0.000   0.000   87.540  99.873   7700.7   7762.2
973   1.634     0.000     82.013  0.000   0.000   0.000   87.540  99.873   7753.0   7754.0
974   1.624     0.000     81.803  0.000   0.000   0.000   87.540  99.873   7734.2   7725.1
975   1.585     0.000     81.807  0.000   0.000   0.000   87.540  99.873   7753.5   7729.2
976   1.593     0.000     81.641  0.000   0.000   0.000   87.548  99.873   7719.3   7717.8
977   1.559     0.000     81.758  0.000   0.000   0.000   87.548  99.873   7728.2   7747.3
978   1.588     0.000     81.698  0.000   0.000   0.000   87.548  99.873   7735.7   7740.3
979   1.604     0.000     81.829  0.000   0.000   0.000   87.548  99.873   7713.1   7730.1
980   1.592     0.000     81.810  0.000   0.000   0.000   87.540  99.873   7730.6   7748.8
981   1.526     0.000     81.882  0.000   0.000   0.000   87.540  99.873   7728.3   7731.7
982   1.644     0.000     81.782  0.000   0.000   0.000   87.540  99.873   7719.7   7785.7
983   1.560     0.000     81.749  0.000   0.000   0.000   87.540  99.873   7748.3   7761.3
984   1.608     0.000     81.767  0.000   0.000   0.000   87.540  99.873   7761.6   7739.9
985   1.518     0.000     81.679  0.000   0.000   0.000   87.540  99.873   7720.5   7731.4
986   1.589     0.000     81.732  0.000   0.000   0.000   87.532  99.873   7743.7   7734.4
987   1.580     0.000     81.538  0.000   0.000   0.000   87.540  99.873   7753.7   7745.3
988   1.559     0.000     81.839  0.000   0.000   0.000   87.540  99.873   7750.6   7722.1
989   1.535     0.000     81.647  0.000   0.000   0.000   87.540  99.873   7724.8   7756.9
990   1.584     0.000     81.820  0.000   0.000   0.000   87.532  99.873   7729.7   7664.7
991   1.640     0.000     81.908  0.000   0.000   0.000   87.532  99.873   7707.9   7681.6
992   1.595     0.000     81.908  0.000   0.000   0.000   87.524  99.873   7705.8   7728.1
993   1.613     0.000     81.829  0.000   0.000   0.000   87.524  99.873   7716.1   7659.1
994   1.609     0.000     81.876  0.000   0.000   0.000   87.524  99.873   7716.2   7739.9
995   1.546     0.000     81.769  0.000   0.000   0.000   87.524  99.873   7722.7   7707.4
996   1.554     0.000     81.724  0.000   0.000   0.000   87.524  99.873   7704.5   7672.0
997   1.536     0.000     81.899  0.000   0.000   0.000   87.524  99.873   7702.6   7748.2
998   1.531     0.000     82.025  0.000   0.000   0.000   87.524  99.873   7737.5   7703.2
999   1.557     0.000     81.833  0.000   0.000   0.000   87.524  99.873   7713.7   7733.3
Saving model...


58h53m


spacy evaluate 1000-epochs/id_ud-tag-dep-ner-1.0.0/id_ud-tag-dep-ner/id_ud-tag-dep-ner-1.0.0/ id_gsd-ud-test.json --displacy-path 1000-epochs/ --gpu-id 0


Results

    Time               1.59 s
    Words              11771
    Words/s            7425
    TOK                99.88
    POS                87.03
    UAS                82.49
    LAS                73.93
    NER P              0.00
    NER R              0.00
    NER F              0.00