dropout_from=0.5 dropout_to=0.2 batch_to=100 time spacy train id 100-epochs-high-dropout/ id_gsd-ud-train.json id_gsd-ud-dev.json --no-entities --n-iter 100 --use-gpu 0



dropout_from = 0.5 via $dropout_from
dropout_to = 0.2 via $dropout_to
dropout_decay = 0.0 by default
batch_from = 1 by default
batch_to = 100 via $batch_to
batch_compound = 1.001 by default
max_doc_len = 5000 by default
beam_width = 1 by default
beam_density = 0.0 by default
Warning: Unnamed vectors -- this won't allow multiple vectors models to be loaded. (Shape: (0, 0))
learn_rate = 0.001 by default
optimizer_B1 = 0.9 by default
optimizer_B2 = 0.999 by default
optimizer_eps = 1e-08 by default
L2_penalty = 1e-06 by default
grad_norm_clip = 1.0 by default
embed_size = 7000 by default
token_vector_width = 128 by default
parser_hidden_depth = 1 by default
parser_maxout_pieces = 2 by default
token_vector_width = 128 by default
hidden_width = 200 by default
embed_size = 7000 by default
history_feats = 0 by default
history_width = 0 by default
Itn.  Dep Loss  NER Loss  UAS     NER P.  NER R.  NER F.  Tag %   Token %  CPU WPS  GPU WPS
0     28642.943 0.000     75.576  0.000   0.000   0.000   88.509  99.841   4267.0   4325.5
1     1269.017  0.000     79.668  0.000   0.000   0.000   90.256  99.841   3948.4   3691.3
2     456.160   0.000     80.984  0.000   0.000   0.000   90.780  99.865   4931.8   3842.3
3     239.999   0.000     81.442  0.000   0.000   0.000   91.288  99.849   3854.1   5600.5
4     146.862   0.000     81.576  0.000   0.000   0.000   91.582  99.849   1914.0   2056.9
5     100.581   0.000     81.873  0.000   0.000   0.000   91.693  99.849   1961.8   2188.0
6     71.675    0.000     82.049  0.000   0.000   0.000   91.868  99.849   2068.0   1980.2
7     54.476    0.000     82.244  0.000   0.000   0.000   91.955  99.841   2011.6   2111.5
8     42.756    0.000     82.233  0.000   0.000   0.000   91.963  99.849   2107.6   2094.2
9     33.910    0.000     82.556  0.000   0.000   0.000   92.035  99.849   2085.0   2021.9
10    27.992    0.000     82.708  0.000   0.000   0.000   92.098  99.849   1962.4   1801.6
11    23.451    0.000     82.892  0.000   0.000   0.000   92.122  99.841   1930.8   2157.6
12    19.764    0.000     82.696  0.000   0.000   0.000   92.178  99.841   2131.5   1932.5
13    16.903    0.000     82.988  0.000   0.000   0.000   92.186  99.849   2094.2   2111.4
14    14.728    0.000     82.777  0.000   0.000   0.000   92.201  99.841   2183.5   2198.9
15    12.718    0.000     82.683  0.000   0.000   0.000   92.257  99.849   1905.4   1963.9
16    11.209    0.000     83.019  0.000   0.000   0.000   92.241  99.841   2689.3   3010.4
17    10.005    0.000     82.740  0.000   0.000   0.000   92.273  99.841   2869.0   2548.9
18    8.837     0.000     82.955  0.000   0.000   0.000   92.289  99.841   2547.7   2611.1
19    8.486     0.000     82.828  0.000   0.000   0.000   92.289  99.841   2627.5   2579.6
20    7.050     0.000     82.914  0.000   0.000   0.000   92.297  99.841   2635.1   2421.8
21    6.542     0.000     82.890  0.000   0.000   0.000   92.305  99.841   2592.9   2833.7
22    6.445     0.000     82.909  0.000   0.000   0.000   92.328  99.841   2670.5   2664.7
23    6.353     0.000     82.961  0.000   0.000   0.000   92.368  99.841   2652.2   2499.1
24    6.298     0.000     83.020  0.000   0.000   0.000   92.400  99.849   2513.0   2515.6
25    6.256     0.000     83.031  0.000   0.000   0.000   92.392  99.841   2491.1   2566.1
26    6.205     0.000     83.119  0.000   0.000   0.000   92.416  99.849   2852.5   2582.5
27    6.169     0.000     82.958  0.000   0.000   0.000   92.416  99.849   2853.6   2457.7
28    6.144     0.000     82.843  0.000   0.000   0.000   92.416  99.849   2353.2   2617.9
29    6.032     0.000     83.089  0.000   0.000   0.000   92.408  99.849   2489.6   2735.9
30    6.018     0.000     82.740  0.000   0.000   0.000   92.416  99.849   2496.1   2641.5
31    5.912     0.000     82.984  0.000   0.000   0.000   92.448  99.849   2791.0   2548.1
32    5.896     0.000     82.907  0.000   0.000   0.000   92.440  99.849   3925.4   4053.8
33    5.825     0.000     82.950  0.000   0.000   0.000   92.463  99.849   4507.9   4122.6
34    5.779     0.000     82.696  0.000   0.000   0.000   92.471  99.849   3583.5   3439.6
35    5.780     0.000     82.687  0.000   0.000   0.000   92.471  99.849   4229.5   3940.9
36    5.727     0.000     82.625  0.000   0.000   0.000   92.344  99.849   3803.6   4254.5
37    5.690     0.000     82.876  0.000   0.000   0.000   92.003  99.849   4608.9   3786.2
38    5.637     0.000     82.984  0.000   0.000   0.000   90.923  99.849   3634.8   3569.5
39    5.580     0.000     82.702  0.000   0.000   0.000   88.763  99.849   3636.4   4348.8
40    5.589     0.000     82.946  0.000   0.000   0.000   86.865  99.849   3812.4   3871.5
41    5.504     0.000     83.025  0.000   0.000   0.000   84.871  99.849   4006.5   3840.2
42    5.516     0.000     82.811  0.000   0.000   0.000   83.767  99.849   4196.5   3847.8
43    5.430     0.000     82.448  0.000   0.000   0.000   83.227  99.849   3814.8   4364.6
44    5.370     0.000     82.710  0.000   0.000   0.000   83.100  99.849   3639.4   3855.0
45    5.421     0.000     82.734  0.000   0.000   0.000   83.275  99.849   4141.9   4101.4
46    5.311     0.000     82.747  0.000   0.000   0.000   83.648  99.857   3891.1   3625.7
47    5.301     0.000     82.851  0.000   0.000   0.000   84.109  99.849   4437.6   3753.3
48    5.220     0.000     82.554  0.000   0.000   0.000   84.482  99.857   7792.6   7748.8
49    5.252     0.000     82.683  0.000   0.000   0.000   84.840  99.849   7761.7   7743.1
50    5.177     0.000     82.950  0.000   0.000   0.000   85.189  99.857   7818.9   7756.5
51    5.157     0.000     82.930  0.000   0.000   0.000   85.570  99.857   7785.9   7810.6
52    5.120     0.000     82.779  0.000   0.000   0.000   85.816  99.857   7799.9   7754.5
53    5.195     0.000     82.330  0.000   0.000   0.000   86.118  99.857   7767.9   7778.3
54    5.141     0.000     82.527  0.000   0.000   0.000   86.301  99.857   7787.1   7793.9
55    5.126     0.000     82.668  0.000   0.000   0.000   86.444  99.857   7796.3   7766.4
56    5.047     0.000     82.738  0.000   0.000   0.000   86.531  99.857   7771.8   7711.8
57    5.005     0.000     82.854  0.000   0.000   0.000   86.658  99.857   7755.3   7777.9
58    4.995     0.000     82.743  0.000   0.000   0.000   86.785  99.857   7751.2   7773.3
59    4.962     0.000     82.541  0.000   0.000   0.000   86.865  99.857   7741.1   7769.3
60    4.901     0.000     82.460  0.000   0.000   0.000   86.960  99.857   7813.7   7771.1
61    4.892     0.000     82.698  0.000   0.000   0.000   87.000  99.857   7784.7   7701.3
62    4.898     0.000     82.747  0.000   0.000   0.000   87.047  99.857   7776.7   7753.1
63    4.904     0.000     82.719  0.000   0.000   0.000   87.024  99.857   7782.5   7772.8
64    4.779     0.000     82.629  0.000   0.000   0.000   87.063  99.857   7774.1   7773.1
65    4.722     0.000     82.663  0.000   0.000   0.000   87.111  99.857   7748.9   7754.1
66    4.795     0.000     82.510  0.000   0.000   0.000   87.166  99.857   7739.2   7788.0
67    4.721     0.000     82.706  0.000   0.000   0.000   87.222  99.857   7750.6   7736.7
68    4.732     0.000     82.297  0.000   0.000   0.000   87.230  99.857   7745.7   7783.4
69    4.703     0.000     82.424  0.000   0.000   0.000   87.262  99.857   7761.9   7788.7
70    4.641     0.000     82.345  0.000   0.000   0.000   87.262  99.857   7740.4   7772.7
71    4.637     0.000     82.428  0.000   0.000   0.000   87.254  99.857   7739.9   7779.1
72    4.635     0.000     82.434  0.000   0.000   0.000   87.262  99.857   7754.1   7781.7
73    4.602     0.000     82.362  0.000   0.000   0.000   87.270  99.857   7746.8   7782.9
74    4.588     0.000     82.494  0.000   0.000   0.000   87.294  99.857   7757.1   7725.0
75    4.591     0.000     82.390  0.000   0.000   0.000   87.286  99.857   7726.9   7775.9
76    4.500     0.000     82.447  0.000   0.000   0.000   87.254  99.857   7796.6   7776.9
77    4.489     0.000     82.302  0.000   0.000   0.000   87.246  99.857   7785.4   7795.4
78    4.481     0.000     82.419  0.000   0.000   0.000   87.262  99.857   7702.0   7739.7
79    4.457     0.000     82.383  0.000   0.000   0.000   87.278  99.857   7723.2   7691.4
80    4.459     0.000     82.340  0.000   0.000   0.000   87.270  99.857   7756.4   7752.0
81    4.492     0.000     82.077  0.000   0.000   0.000   87.278  99.857   7709.3   7776.1
82    4.406     0.000     82.321  0.000   0.000   0.000   87.286  99.857   7775.7   7776.3
83    4.401     0.000     82.250  0.000   0.000   0.000   87.278  99.857   7759.1   7771.4
84    4.448     0.000     82.263  0.000   0.000   0.000   87.270  99.857   7781.0   7771.8
85    4.344     0.000     82.443  0.000   0.000   0.000   87.246  99.857   7786.2   7789.8
86    4.291     0.000     82.509  0.000   0.000   0.000   87.214  99.857   7779.3   7754.6
87    4.299     0.000     82.302  0.000   0.000   0.000   87.246  99.857   7738.2   7728.1
88    4.362     0.000     82.340  0.000   0.000   0.000   87.222  99.857   7747.2   7781.4
89    4.257     0.000     82.325  0.000   0.000   0.000   87.206  99.857   7732.8   7764.4
90    4.343     0.000     82.163  0.000   0.000   0.000   87.159  99.857   7777.0   7650.9
91    4.220     0.000     82.460  0.000   0.000   0.000   87.159  99.857   7763.1   7738.0
92    4.285     0.000     82.475  0.000   0.000   0.000   87.166  99.857   7757.1   7781.6
93    4.271     0.000     82.518  0.000   0.000   0.000   87.159  99.857   7683.1   7755.4
94    4.190     0.000     82.535  0.000   0.000   0.000   87.143  99.857   7701.8   7760.5
95    4.165     0.000     82.133  0.000   0.000   0.000   87.198  99.857   7714.2   7785.4
96    4.150     0.000     82.250  0.000   0.000   0.000   87.246  99.857   7777.5   7753.9
97    4.139     0.000     82.297  0.000   0.000   0.000   87.254  99.857   7742.3   7748.1
98    4.101     0.000     82.509  0.000   0.000   0.000   87.278  99.857   7746.4   7763.8
99    4.092     0.000     82.471  0.000   0.000   0.000   87.301  99.857   7687.8   7725.0
Saving model...


6h7m52s


Results

    Time               6.35 s
    Words              11771
    Words/s            1853
    TOK                99.86
    POS                86.71
    UAS                82.79
    LAS                74.76
    NER P              0.00
    NER R              0.00
    NER F              0.00