TRAIN SCRIPT:
dropout_from=0.5 dropout_to=0.2 batch_to=100 time spacy train id 30-epochs-high-dropout/ id_gsd-ud-train.json id_gsd-ud-dev.json --no-entities --n-iter 30 --use-gpu 0


COMPUTE TIME:
8135.46user 
8835.41system 
39:50.50elapsed 
709%CPU


EPOCHS:
Itn.  Dep Loss  NER Loss  UAS     NER P.  NER R.  NER F.  Tag %   Token %  CPU WPS  GPU WPS
0     28642.943 0.000     75.576  0.000   0.000   0.000   88.509  99.841   7779.9   7795.9
1     1269.017  0.000     79.668  0.000   0.000   0.000   90.256  99.841   7702.1   7654.3
2     456.160   0.000     80.984  0.000   0.000   0.000   90.780  99.865   7707.9   7741.7
3     239.999   0.000     81.442  0.000   0.000   0.000   91.288  99.849   7174.8   6996.9
4     146.862   0.000     81.576  0.000   0.000   0.000   91.582  99.849   7541.0   7392.0
5     100.581   0.000     81.873  0.000   0.000   0.000   91.693  99.849   7729.5   7743.1
6     71.675    0.000     82.049  0.000   0.000   0.000   91.868  99.849   6990.5   7040.4
7     54.476    0.000     82.244  0.000   0.000   0.000   91.955  99.841   7576.5   7560.7
8     42.756    0.000     82.233  0.000   0.000   0.000   91.963  99.849   7391.3   7162.1
9     33.910    0.000     82.556  0.000   0.000   0.000   92.035  99.849   7475.3   7515.4
10    27.992    0.000     82.708  0.000   0.000   0.000   92.098  99.849   7124.2   7072.4
11    23.451    0.000     82.892  0.000   0.000   0.000   92.122  99.841   7536.8   7381.9
12    19.764    0.000     82.696  0.000   0.000   0.000   92.178  99.841   7629.2   6795.2
13    16.903    0.000     82.988  0.000   0.000   0.000   92.186  99.849   7237.2   6791.2
14    14.728    0.000     82.777  0.000   0.000   0.000   92.201  99.841   7269.5   6854.5
15    12.718    0.000     82.683  0.000   0.000   0.000   92.257  99.849   7290.9   7238.3
16    11.209    0.000     83.019  0.000   0.000   0.000   92.241  99.841   7015.2   6929.1
17    10.005    0.000     82.740  0.000   0.000   0.000   92.273  99.841   7706.8   7526.4
18    8.837     0.000     82.955  0.000   0.000   0.000   92.289  99.841   7096.9   7083.1
19    8.486     0.000     82.828  0.000   0.000   0.000   92.289  99.841   6671.8   6460.1
20    7.050     0.000     82.914  0.000   0.000   0.000   92.297  99.841   7026.8   7033.0
21    6.542     0.000     82.890  0.000   0.000   0.000   92.305  99.841   7350.8   7192.1
22    6.445     0.000     82.909  0.000   0.000   0.000   92.328  99.841   7741.1   7555.5
23    6.353     0.000     82.961  0.000   0.000   0.000   92.368  99.841   7504.3   7474.7
24    6.298     0.000     83.020  0.000   0.000   0.000   92.400  99.849   7728.8   7637.9
25    6.256     0.000     83.031  0.000   0.000   0.000   92.392  99.841   7691.1   7704.7
26    6.205     0.000     83.119  0.000   0.000   0.000   92.416  99.849   7019.1   7211.2
27    6.169     0.000     82.958  0.000   0.000   0.000   92.416  99.849   7694.7   7604.3
28    6.144     0.000     82.843  0.000   0.000   0.000   92.416  99.849   6751.0   7065.3
29    6.032     0.000     83.089  0.000   0.000   0.000   92.408  99.849   7634.3   7765.2


PACKAGE SCRIPT:
spacy package 30-epochs-high-dropout/model-final/ 30-epochs-high-dropout/


EVALUATE SCRIPT:
spacy evaluate 30-epochs-high-dropout/id_ud-tag-dep-ner-1.0.0/id_ud-tag-dep-ner/id_ud-tag-dep-ner-1.0.0/ id_gsd-ud-test.json --displacy-path 30-epochs-high-dropout/ --gpu-id 0


EVALUATE RESULT:

    Time               1.57 s
    Words              11771
    Words/s            7500
    TOK                99.85
    POS                92.27
    UAS                83.31
    LAS                75.23
    NER P              0.00
    NER R              0.00
    NER F              0.00