TRAIN SCRIPT:
dropout_to=0.5 batch_to=100 time spacy train id 30-epochs/ id_gsd-ud-train.json id_gsd-ud-dev.json --no-entities --n-iter 30 --use-gpu 0


COMPUTE TIME:
8019.18user 
8379.16system 
38:01.64elapsed 
718%CPU


EPOCHS:
Itn.  Dep Loss  NER Loss  UAS     NER P.  NER R.  NER F.  Tag %   Token %  CPU WPS  GPU WPS
0     22700.527 0.000     80.327  0.000   0.000   0.000   90.510  99.841   7766.3   7687.7
1     980.646   0.000     81.853  0.000   0.000   0.000   91.757  99.849   7697.1   7739.0
2     343.270   0.000     82.420  0.000   0.000   0.000   92.297  99.825   7783.1   7784.9
3     172.350   0.000     82.701  0.000   0.000   0.000   92.432  99.833   7771.3   7767.8
4     99.834    0.000     82.927  0.000   0.000   0.000   92.678  99.841   7814.3   7756.5
5     64.898    0.000     82.572  0.000   0.000   0.000   92.646  99.833   7793.0   7659.2
6     43.897    0.000     82.909  0.000   0.000   0.000   92.662  99.833   7768.8   7752.5
7     31.904    0.000     82.927  0.000   0.000   0.000   92.710  99.841   7703.1   7785.5
8     22.943    0.000     82.926  0.000   0.000   0.000   92.686  99.849   7772.9   7736.8
9     17.624    0.000     82.869  0.000   0.000   0.000   92.749  99.849   7793.6   7768.9
10    13.651    0.000     82.689  0.000   0.000   0.000   92.781  99.849   7796.8   7789.2
11    10.867    0.000     82.869  0.000   0.000   0.000   92.741  99.849   7717.4   7772.9
12    8.944     0.000     82.671  0.000   0.000   0.000   92.765  99.849   7720.6   7717.1
13    7.282     0.000     82.627  0.000   0.000   0.000   92.733  99.849   7761.2   7755.7
14    6.000     0.000     82.537  0.000   0.000   0.000   92.710  99.849   7587.5   7788.3
15    4.899     0.000     82.394  0.000   0.000   0.000   92.710  99.849   7745.9   7739.0
16    4.099     0.000     82.483  0.000   0.000   0.000   92.718  99.849   7803.8   7827.7
17    3.476     0.000     82.608  0.000   0.000   0.000   92.694  99.849   7738.5   7745.1
18    2.964     0.000     82.708  0.000   0.000   0.000   92.694  99.857   7752.2   7786.7
19    2.786     0.000     82.660  0.000   0.000   0.000   92.678  99.857   7822.8   7780.8
20    2.233     0.000     82.350  0.000   0.000   0.000   92.694  99.857   7741.3   7809.4
21    2.001     0.000     82.490  0.000   0.000   0.000   92.654  99.857   7763.8   7771.7
22    1.889     0.000     82.389  0.000   0.000   0.000   92.670  99.857   7782.3   7788.6
23    1.870     0.000     82.508  0.000   0.000   0.000   92.670  99.857   7764.5   7770.5
24    1.715     0.000     82.245  0.000   0.000   0.000   92.662  99.857   7768.7   7786.7
25    1.724     0.000     82.198  0.000   0.000   0.000   92.678  99.857   7787.0   7754.1
26    1.708     0.000     82.340  0.000   0.000   0.000   92.694  99.857   7790.4   7774.9
27    1.624     0.000     82.423  0.000   0.000   0.000   92.694  99.857   7759.0   7796.4
28    1.600     0.000     82.215  0.000   0.000   0.000   92.702  99.857   7772.1   7712.2
29    1.510     0.000     82.140  0.000   0.000   0.000   92.702  99.857   7770.2   7784.5


PACKAGE SCRIPT:
spacy package 30-epochs/model-final 30-epochs


EVALUATE SCRIPT:
spacy evaluate 30-epochs/id_ud-tag-dep-ner-1.0.0/id_ud-tag-dep-ner/id_ud-tag-dep-ner-1.0.0/ id_gsd-ud-test.json --displacy-path 30-epochs/ --gpu-id 0


EVALUATE RESULT:
Results
    Time               1.62 s
    Words              11771
    Words/s            7255
    TOK                99.86
    POS                92.60
    UAS                83.11
    LAS                74.82
    NER P              0.00
    NER R              0.00
    NER F              0.00