
time prodigy ner.batch-train ner_id_train_1_dev id_ud-tag-dep-ner-1.0.0/ --output Gold-standard\ Model/1000-03-106-NM/ --n-iter 1000 --dropout 0.3 --batch-size 106 --no-missing >> INFO-1000-03-106-NM.txt


Loaded model id_ud-tag-dep-ner-1.0.0/
Using 20% of accept/reject examples (511) for evaluation
Using 100% of remaining examples (2230) for training
Dropout: 0.3  Batch size: 106  Iterations: 1000  


BEFORE     0.003     
Correct    17
Incorrect  6083
Entities   4773      
Unknown    0         

         
#          LOSS       RIGHT      WRONG      ENTS       SKIP       ACCURACY  
01         2.006      311        1578       856        0          0.165     
02         2.401      482        1478       1098       0          0.246     
03         2.413      590        1439       1275       0          0.291     
04         1.040      651        1292       1250       0          0.335     
05         0.663      686        1251       1279       0          0.354     
06         0.941      717        1245       1335       0          0.365     
07         1.086      732        1190       1310       0          0.381     
08         0.923      751        1153       1311       0          0.394     
09         0.693      782        1138       1358       0          0.407     
10         0.365      794        1120       1364       0          0.415     
11         0.688      812        1092       1372       0          0.426     
12         0.282      820        1090       1386       0          0.429     
13         0.660      823        1073       1375       0          0.434     
14         0.404      842        1034       1374       0          0.449     
15         0.325      846        1023       1371       0          0.453     
16         0.284      847        1013       1363       0          0.455     
17         0.139      846        1030       1378       0          0.451     
18         0.367      841        1026       1364       0          0.450     
19         0.272      843        1012       1354       0          0.454     
20         0.121      837        1020       1350       0          0.451     
21         0.128      846        1007       1355       0          0.457     
22         0.113      837        1037       1367       0          0.447     
23         0.151      836        1051       1379       0          0.443     
24         0.094      836        1040       1368       0          0.446     
25         0.081      835        1047       1373       0          0.444     
26         0.069      833        1037       1359       0          0.445     
27         0.064      830        1035       1351       0          0.445     
28         0.199      840        1015       1351       0          0.453     
29         0.059      836        1007       1335       0          0.454     
30         0.208      844        1007       1351       0          0.456     
31         0.183      837        1019       1349       0          0.451     
32         0.049      835        1007       1333       0          0.453     
33         0.043      832        1012       1332       0          0.451     
34         0.130      833        1023       1345       0          0.449     
35         0.123      833        1016       1338       0          0.451     
36         0.231      834        1015       1339       0          0.451     
37         0.114      830        1025       1341       0          0.447     
38         0.042      833        1026       1348       0          0.448     
39         0.163      829        1028       1342       0          0.446     
40         0.039      826        1019       1327       0          0.448     
41         0.038      836        1024       1352       0          0.449     
42         0.519      841        1025       1363       0          0.451     
43         0.059      844        1030       1374       0          0.450     
44         0.035      839        1029       1363       0          0.449     
45         0.236      840        1022       1358       0          0.451     
46         0.027      843        1007       1349       0          0.456     
47         0.088      841        995        1333       0          0.458     
48         0.037      842        1013       1353       0          0.454     
49         0.161      840        1014       1350       0          0.453     
50         0.030      830        1042       1358       0          0.443     
51         0.028      829        1032       1346       0          0.445     
52         0.025      827        1031       1341       0          0.445     
53         0.146      831        1028       1346       0          0.447     
54         0.160      820        1042       1338       0          0.440     
55         0.127      824        1037       1341       0          0.443     
56         0.099      824        1039       1343       0          0.442     
57         0.025      826        1036       1344       0          0.444     
58         0.025      831        1033       1351       0          0.446     
59         0.026      827        1027       1337       0          0.446     
60         0.101      833        1016       1338       0          0.451     
61         0.026      824        1019       1323       0          0.447     
62         0.020      830        1000       1316       0          0.454     
63         0.034      834        995        1319       0          0.456     
64         0.023      830        1004       1320       0          0.453     
65         0.036      821        1006       1304       0          0.449     
66         0.021      827        1006       1316       0          0.451     
67         0.147      823        1010       1312       0          0.449     
68         0.021      826        1000       1308       0          0.452     
69         0.138      823        1003       1305       0          0.451     
70         0.019      821        1018       1316       0          0.446     
71         0.017      830        998        1314       0          0.454     
72         0.019      831        1009       1327       0          0.452     
73         0.019      825        1028       1334       0          0.445     
74         0.020      826        1017       1325       0          0.448     
75         0.147      833        995        1317       0          0.456     
76         0.016      829        1010       1324       0          0.451     
77         0.034      833        1006       1328       0          0.453     
78         0.019      834        1001       1325       0          0.454     
79         0.023      827        1018       1328       0          0.448     
80         0.023      839        1000       1334       0          0.456     
81         0.076      835        1018       1344       0          0.451     
82         0.039      839        1015       1349       0          0.453     
83         0.278      839        1005       1339       0          0.455     
84         0.056      834        1006       1330       0          0.453     
85         0.020      831        1013       1331       0          0.451     
86         0.015      830        1013       1329       0          0.450     
87         0.014      830        1017       1333       0          0.449     
88         0.015      833        1016       1338       0          0.451     
89         0.072      832        1012       1332       0          0.451     
90         0.015      826        1025       1333       0          0.446     
91         0.018      830        1018       1334       0          0.449     
92         0.177      831        1003       1321       0          0.453     
93         0.021      831        1011       1329       0          0.451     
94         0.018      835        1032       1358       0          0.447     
95         0.122      823        1031       1333       0          0.444     
96         0.016      827        1023       1333       0          0.447     
97         0.018      825        1016       1322       0          0.448     
98         0.016      811        1030       1308       0          0.441     
99         0.015      827        1007       1317       0          0.451     
100        0.016      827        1010       1320       0          0.450     
101        0.018      828        1006       1318       0          0.451     
102        0.013      828        999        1311       0          0.453     
103        0.017      820        1014       1310       0          0.447     
104        0.086      820        1009       1305       0          0.448     
105        0.015      818        1016       1308       0          0.446     
106        0.017      822        1019       1319       0          0.446     
107        0.014      821        1008       1306       0          0.449     
108        0.016      820        1018       1314       0          0.446     
109        0.011      816        1026       1314       0          0.443     
110        0.014      822        1021       1321       0          0.446     
111        0.014      823        1035       1337       0          0.443     
112        0.011      824        1020       1324       0          0.447     
113        0.011      823        1004       1306       0          0.450     
114        0.024      813        1022       1304       0          0.443     
115        0.012      826        1009       1317       0          0.450     
116        0.013      822        1007       1307       0          0.449     
117        0.013      831        1002       1320       0          0.453     
118        0.011      824        1017       1321       0          0.448     
119        0.014      831        1013       1331       0          0.451     
120        0.013      832        1017       1337       0          0.450     
121        0.014      825        1025       1331       0          0.446     
122        0.010      830        1017       1333       0          0.449     
123        0.013      833        1024       1346       0          0.449     
124        0.013      821        1026       1324       0          0.445     
125        0.011      824        1012       1316       0          0.449     
126        0.012      829        1009       1323       0          0.451     
127        0.012      824        1013       1317       0          0.449     
128        0.012      826        1015       1323       0          0.449     
129        0.009      828        1010       1322       0          0.450     
130        0.016      829        1006       1320       0          0.452     
131        0.013      815        1022       1308       0          0.444     
132        0.013      824        1010       1314       0          0.449     
133        0.013      839        992        1326       0          0.458     
134        0.111      822        1022       1322       0          0.446     
135        0.011      818        1018       1310       0          0.446     
136        0.120      821        1009       1307       0          0.449     
137        0.016      819        1017       1311       0          0.446     
138        0.015      814        996        1280       0          0.450     
139        0.013      824        988        1292       0          0.455     
140        0.112      822        1004       1304       0          0.450     
141        0.012      832        1003       1323       0          0.453     
142        0.012      838        1008       1340       0          0.454     
143        0.017      830        1009       1325       0          0.451     
144        0.013      829        1012       1326       0          0.450     
145        0.135      824        1016       1320       0          0.448     
146        0.015      833        1013       1335       0          0.451     
147        0.014      812        1013       1293       0          0.445     
148        0.013      826        1015       1323       0          0.449     
149        0.011      832        1025       1345       0          0.448     
150        0.011      837        1020       1350       0          0.451     
151        0.011      834        1014       1338       0          0.451     
152        0.009      825        1013       1319       0          0.449     
153        0.013      823        1010       1312       0          0.449     
154        0.010      829        1018       1332       0          0.449     
155        0.011      839        998        1332       0          0.457     
156        0.016      832        993        1313       0          0.456     
157        0.019      823        1010       1312       0          0.449     
158        0.148      826        1027       1335       0          0.446     
159        0.012      822        1015       1315       0          0.447     
160        0.087      830        1014       1330       0          0.450     
161        0.011      834        1020       1344       0          0.450     
162        0.010      821        1025       1323       0          0.445     
163        0.012      826        1029       1337       0          0.445     
164        0.011      833        1016       1338       0          0.451     
165        0.011      830        1027       1343       0          0.447     
166        0.012      828        1019       1331       0          0.448     
167        0.011      822        1013       1313       0          0.448     
168        0.009      834        1000       1324       0          0.455     
169        0.012      826        1002       1310       0          0.452     
170        0.012      827        1005       1315       0          0.451     
171        0.017      823        999        1301       0          0.452     
172        0.011      819        1004       1298       0          0.449     
173        0.008      826        1023       1331       0          0.447     
174        0.008      829        1025       1339       0          0.447     
175        0.008      828        1035       1347       0          0.444     
176        0.077      824        1033       1337       0          0.444     
177        0.010      816        1034       1322       0          0.441     
178        0.008      808        1024       1296       0          0.441     
179        0.009      815        1021       1307       0          0.444     
180        0.007      808        1029       1301       0          0.440     
181        0.012      805        1028       1294       0          0.439     
182        0.009      806        1021       1289       0          0.441     
183        0.011      818        1010       1302       0          0.447     
184        0.111      813        1027       1309       0          0.442     
185        0.010      821        1019       1317       0          0.446     
186        0.006      810        1019       1295       0          0.443     
187        0.008      814        1031       1315       0          0.441     
188        0.008      813        1020       1302       0          0.444     
189        0.010      809        1020       1294       0          0.442     
190        0.008      819        1018       1312       0          0.446     
191        0.036      822        1018       1318       0          0.447     
192        0.007      822        1022       1322       0          0.446     
193        0.009      831        1028       1346       0          0.447     
194        0.010      830        1044       1360       0          0.443     
195        0.015      827        1036       1346       0          0.444     
196        0.010      822        1030       1330       0          0.444     
197        0.010      826        1026       1334       0          0.446     
198        0.135      819        1020       1314       0          0.445     
199        0.010      805        1027       1293       0          0.439     
200        0.009      822        1013       1313       0          0.448     
201        0.011      815        1017       1303       0          0.445     
202        0.010      813        1026       1308       0          0.442     
203        0.006      828        1013       1325       0          0.450     
204        0.029      820        1017       1313       0          0.446     
205        0.008      821        1011       1309       0          0.448     
206        0.011      818        1024       1316       0          0.444     
207        0.134      815        1029       1315       0          0.442     
208        0.010      812        1033       1313       0          0.440     
209        0.029      806        1047       1315       0          0.435     
210        0.009      815        1035       1321       0          0.441     
211        0.010      811        1033       1311       0          0.440     
212        0.010      805        1039       1305       0          0.437     
213        0.024      806        1054       1322       0          0.433     
214        0.009      803        1050       1312       0          0.433     
215        0.011      807        1054       1324       0          0.434     
216        0.009      812        1052       1332       0          0.436     
217        0.010      816        1036       1324       0          0.441     
218        0.057      810        1068       1344       0          0.431     
219        0.099      803        1056       1318       0          0.432     
220        0.010      803        1048       1310       0          0.434     
221        0.009      804        1059       1323       0          0.432     
222        0.011      805        1061       1327       0          0.431     
223        0.010      803        1057       1319       0          0.432     
224        0.134      810        1057       1333       0          0.434     
225        0.010      807        1062       1332       0          0.432     
226        0.008      805        1062       1328       0          0.431     
227        0.016      803        1066       1328       0          0.430     
228        0.010      811        1065       1343       0          0.432     
229        0.009      811        1083       1361       0          0.428     
230        0.006      809        1069       1343       0          0.431     
231        0.007      806        1060       1328       0          0.432     
232        0.008      813        1069       1351       0          0.432     
233        0.009      810        1068       1344       0          0.431     
234        0.010      804        1077       1341       0          0.427     
235        0.008      797        1087       1337       0          0.423     
236        0.011      806        1068       1336       0          0.430     
237        0.008      808        1071       1343       0          0.430     
238        0.011      798        1079       1331       0          0.425     
239        0.011      810        1059       1335       0          0.433     
240        0.010      810        1064       1340       0          0.432     
241        0.007      818        1063       1355       0          0.435     
242        0.008      812        1072       1352       0          0.431     
243        0.008      810        1070       1346       0          0.431     
244        0.010      803        1060       1322       0          0.431     
245        0.011      806        1069       1337       0          0.430     
246        0.010      809        1061       1335       0          0.433     
247        0.008      814        1052       1336       0          0.436     
248        0.007      814        1043       1327       0          0.438     
249        0.007      810        1057       1333       0          0.434     
250        0.006      805        1054       1320       0          0.433     
251        0.010      801        1058       1316       0          0.431     
252        0.009      800        1046       1302       0          0.433     
253        0.010      803        1055       1317       0          0.432     
254        0.008      799        1063       1317       0          0.429     
255        0.110      811        1071       1349       0          0.431     
256        0.006      808        1068       1340       0          0.431     
257        0.007      803        1082       1344       0          0.426     
258        0.008      807        1077       1347       0          0.428     
259        0.007      803        1064       1326       0          0.430     
260        0.130      802        1070       1330       0          0.428     
261        0.007      810        1060       1336       0          0.433     
262        0.007      808        1063       1335       0          0.432     
263        0.008      800        1056       1312       0          0.431     
264        0.007      795        1074       1320       0          0.425     
265        0.010      804        1059       1323       0          0.432     
266        0.018      805        1078       1344       0          0.428     
267        0.023      797        1075       1325       0          0.426     
268        0.011      801        1068       1326       0          0.429     
269        0.008      793        1080       1322       0          0.423     
270        0.008      800        1070       1326       0          0.428     
271        0.010      805        1066       1332       0          0.430     
272        0.008      802        1067       1327       0          0.429     
273        0.007      800        1070       1326       0          0.428     
274        0.016      801        1068       1326       0          0.429     
275        0.009      800        1074       1330       0          0.427     
276        0.010      807        1061       1331       0          0.432     
277        0.006      798        1064       1316       0          0.429     
278        0.011      801        1053       1311       0          0.432     
279        0.008      797        1065       1315       0          0.428     
280        0.007      798        1073       1325       0          0.427     
281        0.108      793        1075       1317       0          0.425     
282        0.023      795        1058       1304       0          0.429     
283        0.010      795        1059       1305       0          0.429     
284        0.008      789        1062       1296       0          0.426     
285        0.006      797        1046       1296       0          0.432     
286        0.006      799        1055       1309       0          0.431     
287        0.008      799        1063       1317       0          0.429     
288        0.129      797        1043       1293       0          0.433     
289        0.007      791        1067       1305       0          0.426     
290        0.008      800        1052       1308       0          0.432     
291        0.006      797        1054       1304       0          0.431     
292        0.117      804        1056       1320       0          0.432     
293        0.007      808        1051       1323       0          0.435     
294        0.007      809        1054       1328       0          0.434     
295        0.019      809        1051       1325       0          0.435     
296        0.072      807        1053       1323       0          0.434     
297        0.008      805        1057       1323       0          0.432     
298        0.006      819        1045       1339       0          0.439     
299        0.007      810        1063       1339       0          0.432     
300        0.008      817        1061       1351       0          0.435     
301        0.135      814        1061       1345       0          0.434     
302        0.007      816        1056       1344       0          0.436     
303        0.006      814        1052       1336       0          0.436     
304        0.005      818        1063       1355       0          0.435     
305        0.006      819        1059       1353       0          0.436     
306        0.006      820        1057       1353       0          0.437     
307        0.007      804        1069       1333       0          0.429     
308        0.010      811        1060       1338       0          0.433     
309        0.006      806        1050       1318       0          0.434     
310        0.007      811        1054       1332       0          0.435     
311        0.005      809        1060       1334       0          0.433     
312        0.007      807        1058       1328       0          0.433     
313        0.007      808        1050       1322       0          0.435     
314        0.008      799        1051       1305       0          0.432     
315        0.009      801        1051       1309       0          0.433     
316        0.024      803        1060       1322       0          0.431     
317        0.011      814        1048       1332       0          0.437     
318        0.008      814        1052       1336       0          0.436     
319        0.007      814        1037       1321       0          0.440     
320        0.008      809        1055       1329       0          0.434     
321        0.006      803        1044       1306       0          0.435     
322        0.008      808        1048       1320       0          0.435     
323        0.007      807        1046       1316       0          0.436     
324        0.008      807        1066       1336       0          0.431     
325        0.008      805        1041       1307       0          0.436     
326        0.008      809        1038       1312       0          0.438     
327        0.008      802        1038       1298       0          0.436     
328        0.007      799        1036       1290       0          0.435     
329        0.008      801        1038       1296       0          0.436     
330        0.009      800        1044       1300       0          0.434     
331        0.011      807        1054       1324       0          0.434     
332        0.007      808        1058       1330       0          0.433     
333        0.120      809        1048       1322       0          0.436     
334        0.006      798        1070       1322       0          0.427     
335        0.006      804        1050       1314       0          0.434     
336        0.005      804        1053       1317       0          0.433     
337        0.005      802        1046       1306       0          0.434     
338        0.007      803        1035       1297       0          0.437     
339        0.008      804        1040       1304       0          0.436     
340        0.006      806        1036       1304       0          0.438     
341        0.007      805        1051       1317       0          0.434     
342        0.007      811        1048       1326       0          0.436     
343        0.006      810        1041       1317       0          0.438     
344        0.007      810        1049       1325       0          0.436     
345        0.007      821        1047       1345       0          0.440     
346        0.007      815        1056       1342       0          0.436     
347        0.008      817        1042       1332       0          0.439     
348        0.007      818        1045       1337       0          0.439     
349        0.005      817        1046       1336       0          0.439     
350        0.008      824        1035       1339       0          0.443     
351        0.008      817        1046       1336       0          0.439     
352        0.007      825        1049       1355       0          0.440     
353        0.066      813        1048       1330       0          0.437     
354        0.004      810        1050       1326       0          0.435     
355        0.007      817        1051       1341       0          0.437     
356        0.008      815        1045       1331       0          0.438     
357        0.006      817        1065       1355       0          0.434     
358        0.007      818        1044       1336       0          0.439     
359        0.006      813        1049       1331       0          0.437     
360        0.007      818        1039       1331       0          0.440     
361        0.007      818        1043       1335       0          0.440     
362        0.006      814        1056       1340       0          0.435     
363        0.007      819        1052       1346       0          0.438     
364        0.008      819        1042       1336       0          0.440     
365        0.007      816        1052       1340       0          0.437     
366        0.007      807        1046       1316       0          0.436     
367        0.007      812        1045       1325       0          0.437     
368        0.007      807        1045       1315       0          0.436     
369        0.008      812        1043       1323       0          0.438     
370        0.008      807        1046       1316       0          0.436     
371        0.007      814        1048       1332       0          0.437     
372        0.014      813        1040       1322       0          0.439     
373        0.023      814        1043       1327       0          0.438     
374        0.007      812        1039       1319       0          0.439     
375        0.006      825        1051       1357       0          0.440     
376        0.007      822        1058       1358       0          0.437     
377        0.010      823        1044       1346       0          0.441     
378        0.006      824        1062       1366       0          0.437     
379        0.008      824        1058       1362       0          0.438     
380        0.006      813        1049       1331       0          0.437     
381        0.006      824        1050       1354       0          0.440     
382        0.006      815        1056       1342       0          0.436     
383        0.005      820        1056       1352       0          0.437     
384        0.008      818        1061       1353       0          0.435     
385        0.005      819        1069       1363       0          0.434     
386        0.007      818        1061       1353       0          0.435     
387        0.005      812        1055       1335       0          0.435     
388        0.007      814        1058       1342       0          0.435     
389        0.006      814        1048       1332       0          0.437     
390        0.007      806        1064       1332       0          0.431     
391        0.006      814        1042       1326       0          0.439     
392        0.005      816        1043       1331       0          0.439     
393        0.007      819        1048       1342       0          0.439     
394        0.005      817        1036       1326       0          0.441     
395        0.006      818        1049       1341       0          0.438     
396        0.006      818        1056       1348       0          0.436     
397        0.005      810        1059       1335       0          0.433     
398        0.263      816        1063       1351       0          0.434     
399        0.006      815        1056       1342       0          0.436     
400        0.006      819        1055       1349       0          0.437     
401        0.006      821        1063       1361       0          0.436     
402        0.008      821        1063       1361       0          0.436     
403        0.008      818        1053       1345       0          0.437     
404        0.008      815        1069       1355       0          0.433     
405        0.007      811        1067       1345       0          0.432     
406        0.008      816        1070       1358       0          0.433     
407        0.007      812        1066       1346       0          0.432     
408        0.006      814        1065       1349       0          0.433     
409        0.007      813        1059       1341       0          0.434     
410        0.122      811        1057       1335       0          0.434     
411        0.006      809        1067       1341       0          0.431     
412        0.007      810        1059       1335       0          0.433     
413        0.007      811        1055       1333       0          0.435     
414        0.005      819        1060       1354       0          0.436     
415        0.057      808        1059       1331       0          0.433     
416        0.007      814        1059       1343       0          0.435     
417        0.006      818        1065       1357       0          0.434     
418        0.006      810        1067       1343       0          0.432     
419        0.006      814        1055       1339       0          0.436     
420        0.006      819        1056       1350       0          0.437     
421        0.008      818        1058       1350       0          0.436     
422        0.006      811        1065       1343       0          0.432     
423        0.007      822        1056       1356       0          0.438     
424        0.006      816        1065       1353       0          0.434     
425        0.018      817        1067       1357       0          0.434     
426        0.005      812        1073       1353       0          0.431     
427        0.020      808        1073       1345       0          0.430     
428        0.005      811        1072       1350       0          0.431     
429        0.008      812        1066       1346       0          0.432     
430        0.005      806        1083       1351       0          0.427     
431        0.126      804        1091       1355       0          0.424     
432        0.007      810        1090       1366       0          0.426     
433        0.009      811        1098       1376       0          0.425     
434        0.006      813        1080       1362       0          0.429     
435        0.005      813        1072       1354       0          0.431     
436        0.007      821        1068       1366       0          0.435     
437        0.005      819        1050       1344       0          0.438     
438        0.012      815        1070       1356       0          0.432     
439        0.006      827        1060       1370       0          0.438     
440        0.006      828        1046       1358       0          0.442     
441        0.005      825        1063       1369       0          0.437     
442        0.007      816        1049       1337       0          0.438     
443        0.008      821        1068       1366       0          0.435     
444        0.108      830        1064       1380       0          0.438     
445        0.009      822        1066       1366       0          0.435     
446        0.005      814        1067       1351       0          0.433     
447        0.006      826        1057       1365       0          0.439     
448        0.007      822        1042       1342       0          0.441     
449        0.007      823        1041       1343       0          0.442     
450        0.005      818        1049       1341       0          0.438     
451        0.004      815        1045       1331       0          0.438     
452        0.006      817        1039       1329       0          0.440     
453        0.008      820        1045       1341       0          0.440     
454        0.005      813        1058       1340       0          0.435     
455        0.004      820        1063       1359       0          0.435     
456        0.005      811        1050       1328       0          0.436     
457        0.004      820        1060       1356       0          0.436     
458        0.006      811        1056       1334       0          0.434     
459        0.008      812        1066       1346       0          0.432     
460        0.005      814        1055       1339       0          0.436     
461        0.006      813        1046       1328       0          0.437     
462        0.006      817        1050       1340       0          0.438     
463        0.005      813        1059       1341       0          0.434     
464        0.006      818        1054       1346       0          0.437     
465        0.005      825        1048       1354       0          0.440     
466        0.006      823        1049       1351       0          0.440     
467        0.005      821        1047       1345       0          0.440     
468        0.006      830        1045       1361       0          0.443     
469        0.007      820        1048       1344       0          0.439     
470        0.006      819        1057       1351       0          0.437     
471        0.004      822        1043       1343       0          0.441     
472        0.006      827        1042       1352       0          0.442     
473        0.024      817        1051       1341       0          0.437     
474        0.029      819        1055       1349       0          0.437     
475        0.006      820        1056       1352       0          0.437     
476        0.005      827        1047       1357       0          0.441     
477        0.007      826        1046       1354       0          0.441     
478        0.005      822        1040       1340       0          0.441     
479        0.007      828        1039       1351       0          0.443     
480        0.004      817        1041       1331       0          0.440     
481        0.006      822        1040       1340       0          0.441     
482        0.006      819        1027       1321       0          0.444     
483        0.006      822        1021       1321       0          0.446     
484        0.006      822        1030       1330       0          0.444     
485        0.008      820        1020       1316       0          0.446     
486        0.005      821        1023       1321       0          0.445     
487        0.005      814        1038       1322       0          0.440     
488        0.008      821        1028       1326       0          0.444     
489        0.007      828        1032       1344       0          0.445     
490        0.006      826        1024       1332       0          0.446     
491        0.006      829        1026       1340       0          0.447     
492        0.031      828        1040       1352       0          0.443     
493        0.006      830        1032       1348       0          0.446     
494        0.006      825        1024       1330       0          0.446     
495        0.006      826        1045       1353       0          0.441     
496        0.006      820        1036       1332       0          0.442     
497        0.006      827        1032       1342       0          0.445     
498        0.005      836        1027       1355       0          0.449     
499        0.006      829        1032       1346       0          0.445     
500        0.024      830        1058       1374       0          0.440     
501        0.006      833        1045       1367       0          0.444     
502        0.005      832        1027       1347       0          0.448     
503        0.005      828        1049       1361       0          0.441     
504        0.007      832        1046       1366       0          0.443     
505        0.009      843        1032       1374       0          0.450     
506        0.009      830        1030       1346       0          0.446     
507        0.017      826        1047       1355       0          0.441     
508        0.007      827        1035       1345       0          0.444     
509        0.006      834        1040       1364       0          0.445     
510        0.007      829        1029       1343       0          0.446     
511        0.007      839        1023       1357       0          0.451     
512        0.068      835        1046       1372       0          0.444     
513        0.006      838        1037       1369       0          0.447     
514        0.004      834        1047       1371       0          0.443     
515        0.007      825        1053       1359       0          0.439     
516        0.005      834        1032       1356       0          0.447     
517        0.007      831        1040       1358       0          0.444     
518        0.005      821        1045       1343       0          0.440     
519        0.005      817        1047       1337       0          0.438     
520        0.006      816        1036       1324       0          0.441     
521        0.005      823        1030       1332       0          0.444     
522        0.005      822        1032       1332       0          0.443     
523        0.011      819        1039       1333       0          0.441     
524        0.007      819        1043       1337       0          0.440     
525        0.006      823        1026       1328       0          0.445     
526        0.108      826        1034       1342       0          0.444     
527        0.005      825        1041       1347       0          0.442     
528        0.007      825        1033       1339       0          0.444     
529        0.075      827        1036       1346       0          0.444     
530        0.032      832        1035       1355       0          0.446     
531        0.005      823        1039       1341       0          0.442     
532        0.005      825        1031       1337       0          0.445     
533        0.006      830        1022       1338       0          0.448     
534        0.005      837        1025       1355       0          0.450     
535        0.125      835        1036       1362       0          0.446     
536        0.066      819        1022       1316       0          0.445     
537        0.004      821        1031       1329       0          0.443     
538        0.005      824        1046       1350       0          0.441     
539        0.005      832        1037       1357       0          0.445     
540        0.004      823        1039       1341       0          0.442     
541        0.005      839        1033       1367       0          0.448     
542        0.006      827        1036       1346       0          0.444     
543        0.005      826        1029       1337       0          0.445     
544        0.008      819        1044       1338       0          0.440     
545        0.005      818        1056       1348       0          0.436     
546        0.017      822        1032       1332       0          0.443     
547        0.004      825        1043       1349       0          0.442     
548        0.005      806        1049       1317       0          0.435     
549        0.006      826        1030       1338       0          0.445     
550        0.006      819        1021       1315       0          0.445     
551        0.005      826        1029       1337       0          0.445     
552        0.008      822        1017       1317       0          0.447     
553        0.006      823        1032       1334       0          0.444     
554        0.006      830        1028       1344       0          0.447     
555        0.014      819        1030       1324       0          0.443     
556        0.004      829        1036       1350       0          0.445     
557        0.005      828        1020       1332       0          0.448     
558        0.003      828        1043       1355       0          0.443     
559        0.005      824        1028       1332       0          0.445     
560        0.006      826        1030       1338       0          0.445     
561        0.005      817        1038       1328       0          0.440     
562        0.096      818        1033       1325       0          0.442     
563        0.004      817        1025       1315       0          0.444     
564        0.006      817        1032       1322       0          0.442     
565        0.007      809        1024       1298       0          0.441     
566        0.005      813        1015       1297       0          0.445     
567        0.005      813        1018       1300       0          0.444     
568        0.013      819        1011       1305       0          0.448     
569        0.007      819        1009       1303       0          0.448     
570        0.004      821        1007       1305       0          0.449     
571        0.006      817        1015       1305       0          0.446     
572        0.005      822        1007       1307       0          0.449     
573        0.005      821        1010       1308       0          0.448     
574        0.006      822        1020       1320       0          0.446     
575        0.004      825        1027       1333       0          0.445     
576        0.006      822        1016       1316       0          0.447     
577        0.065      821        1018       1316       0          0.446     
578        0.004      829        1017       1331       0          0.449     
579        0.030      827        1032       1342       0          0.445     
580        0.004      820        1018       1314       0          0.446     
581        0.006      823        1019       1321       0          0.447     
582        0.006      820        1005       1301       0          0.449     
583        0.006      812        1015       1295       0          0.444     
584        0.007      829        1012       1326       0          0.450     
585        0.050      815        1024       1310       0          0.443     
586        0.006      819        1028       1322       0          0.443     
587        0.129      827        1030       1340       0          0.445     
588        0.006      824        1030       1334       0          0.444     
589        0.005      826        1035       1343       0          0.444     
590        0.006      828        1020       1332       0          0.448     
591        0.006      820        1028       1324       0          0.444     
592        0.005      824        1030       1334       0          0.444     
593        0.007      821        1026       1324       0          0.445     
594        0.005      826        1022       1330       0          0.447     
595        0.004      816        1028       1316       0          0.443     
596        0.005      818        1025       1317       0          0.444     
597        0.006      812        1038       1318       0          0.439     
598        0.005      815        1026       1312       0          0.443     
599        0.007      812        1013       1293       0          0.445     
600        0.006      803        1021       1283       0          0.440     
601        0.005      815        1024       1310       0          0.443     
602        0.004      807        1018       1288       0          0.442     
603        0.109      825        1017       1323       0          0.448     
604        0.005      815        1019       1305       0          0.444     
605        0.007      808        1022       1294       0          0.442     
606        0.005      819        1011       1305       0          0.448     
607        0.007      814        1026       1310       0          0.442     
608        0.004      817        1011       1301       0          0.447     
609        0.004      815        1033       1319       0          0.441     
610        0.004      817        1015       1305       0          0.446     
611        0.005      817        1027       1317       0          0.443     
612        0.005      818        1024       1316       0          0.444     
613        0.007      815        1027       1313       0          0.442     
614        0.003      817        1025       1315       0          0.444     
615        0.005      812        1031       1311       0          0.441     
616        0.124      818        1020       1312       0          0.445     
617        0.129      814        1009       1293       0          0.447     
618        0.007      820        1001       1297       0          0.450     
619        0.005      820        1008       1304       0          0.449     
620        0.008      801        1039       1297       0          0.435     
621        0.005      802        1031       1291       0          0.438     
622        0.006      804        1022       1286       0          0.440     
623        0.006      817        1011       1301       0          0.447     
624        0.006      815        1019       1305       0          0.444     
625        0.005      818        1017       1309       0          0.446     
626        0.005      824        1024       1328       0          0.446     
627        0.005      819        1029       1323       0          0.443     
628        0.004      818        1027       1319       0          0.443     
629        0.129      815        1032       1318       0          0.441     
630        0.004      817        1029       1319       0          0.443     
631        0.004      817        1027       1317       0          0.443     
632        0.008      819        1034       1328       0          0.442     
633        0.005      824        1040       1344       0          0.442     
634        0.006      813        1044       1326       0          0.438     
635        0.036      816        1042       1330       0          0.439     
636        0.007      809        1058       1332       0          0.433     
637        0.013      820        1042       1338       0          0.440     
638        0.005      810        1047       1323       0          0.436     
639        0.006      811        1031       1309       0          0.440     
640        0.005      817        1037       1327       0          0.441     
641        0.006      815        1028       1314       0          0.442     
642        0.005      819        1039       1333       0          0.441     
643        0.036      813        1046       1328       0          0.437     
644        0.006      820        1009       1305       0          0.448     
645        0.006      822        1022       1322       0          0.446     
646        0.040      824        1031       1335       0          0.444     
647        0.006      819        1023       1317       0          0.445     
648        0.006      821        1035       1333       0          0.442     
649        0.005      818        1025       1317       0          0.444     
650        0.005      822        1030       1330       0          0.444     
651        0.005      823        1033       1335       0          0.443     
652        0.005      825        1036       1342       0          0.443     
653        0.004      821        1037       1335       0          0.442     
654        0.005      825        1035       1341       0          0.444     
655        0.005      819        1030       1324       0          0.443     
656        0.007      822        1032       1332       0          0.443     
657        0.005      820        1039       1335       0          0.441     
658        0.005      825        1034       1340       0          0.444     
659        0.006      823        1047       1349       0          0.440     
660        0.007      817        1048       1338       0          0.438     
661        0.007      822        1047       1347       0          0.440     
662        0.003      826        1039       1347       0          0.443     
663        0.004      818        1042       1334       0          0.440     
664        0.039      826        1031       1339       0          0.445     
665        0.007      820        1035       1331       0          0.442     
666        0.005      824        1043       1347       0          0.441     
667        0.020      826        1034       1342       0          0.444     
668        0.007      827        1032       1342       0          0.445     
669        0.004      828        1034       1346       0          0.445     
670        0.006      823        1035       1337       0          0.443     
671        0.005      823        1047       1349       0          0.440     
672        0.005      823        1039       1341       0          0.442     
673        0.007      833        1021       1343       0          0.449     
674        0.005      828        1044       1356       0          0.442     
675        0.005      830        1049       1365       0          0.442     
676        0.006      825        1038       1344       0          0.443     
677        0.005      828        1043       1355       0          0.443     
678        0.004      829        1038       1352       0          0.444     
679        0.004      832        1035       1355       0          0.446     
680        0.004      835        1038       1364       0          0.446     
681        0.003      826        1045       1353       0          0.441     
682        0.003      825        1045       1351       0          0.441     
683        0.004      832        1045       1365       0          0.443     
684        0.006      824        1040       1344       0          0.442     
685        0.005      818        1051       1343       0          0.438     
686        0.004      819        1044       1338       0          0.440     
687        0.006      823        1047       1349       0          0.440     
688        0.004      811        1059       1337       0          0.434     
689        0.005      820        1038       1334       0          0.441     
690        0.004      818        1042       1334       0          0.440     
691        0.004      816        1046       1334       0          0.438     
692        0.004      820        1045       1341       0          0.440     
693        0.002      822        1044       1344       0          0.441     
694        0.003      819        1052       1346       0          0.438     
695        0.004      821        1046       1344       0          0.440     
696        0.003      830        1051       1367       0          0.441     
697        0.128      828        1048       1360       0          0.441     
698        0.005      830        1045       1361       0          0.443     
699        0.004      823        1045       1347       0          0.441     
700        0.005      826        1055       1363       0          0.439     
701        0.015      825        1054       1360       0          0.439     
702        0.005      824        1062       1366       0          0.437     
703        0.004      818        1058       1350       0          0.436     
704        0.004      818        1056       1348       0          0.436     
705        0.005      822        1050       1350       0          0.439     
706        0.005      818        1061       1353       0          0.435     
707        0.004      821        1064       1362       0          0.436     
708        0.005      820        1064       1360       0          0.435     
709        0.007      822        1073       1373       0          0.434     
710        0.005      824        1061       1365       0          0.437     
711        0.005      830        1048       1364       0          0.442     
712        0.004      828        1036       1348       0          0.444     
713        0.004      825        1042       1348       0          0.442     
714        0.006      832        1054       1374       0          0.441     
715        0.006      827        1053       1363       0          0.440     
716        0.006      828        1044       1356       0          0.442     
717        0.005      831        1051       1369       0          0.442     
718        0.005      827        1051       1361       0          0.440     
719        0.006      822        1063       1363       0          0.436     
720        0.005      820        1058       1354       0          0.437     
721        0.005      822        1056       1356       0          0.438     
722        0.006      828        1055       1367       0          0.440     
723        0.004      827        1055       1365       0          0.439     
724        0.004      829        1052       1366       0          0.441     
725        0.060      827        1061       1371       0          0.438     
726        0.005      827        1059       1369       0          0.438     
727        0.006      834        1050       1374       0          0.443     
728        0.004      826        1062       1370       0          0.437     
729        0.055      833        1066       1388       0          0.439     
730        0.005      825        1065       1371       0          0.437     
731        0.006      824        1073       1377       0          0.434     
732        0.004      827        1054       1364       0          0.440     
733        0.206      821        1065       1363       0          0.435     
734        0.004      822        1069       1369       0          0.435     
735        0.004      820        1061       1357       0          0.436     
736        0.007      818        1071       1363       0          0.433     
737        0.005      823        1062       1364       0          0.437     
738        0.004      825        1052       1358       0          0.440     
739        0.004      824        1065       1369       0          0.436     
740        0.005      822        1058       1358       0          0.437     
741        0.004      819        1069       1363       0          0.434     
742        0.005      822        1068       1368       0          0.435     
743        0.004      821        1062       1360       0          0.436     
744        0.005      820        1070       1366       0          0.434     
745        0.008      816        1070       1358       0          0.433     
746        0.004      811        1070       1348       0          0.431     
747        0.004      820        1055       1351       0          0.437     
748        0.004      817        1071       1361       0          0.433     
749        0.005      822        1058       1358       0          0.437     
750        0.005      818        1070       1362       0          0.433     
751        0.006      816        1067       1355       0          0.433     
752        0.005      810        1071       1347       0          0.431     
753        0.007      821        1054       1352       0          0.438     
754        0.007      812        1071       1351       0          0.431     
755        0.004      820        1077       1373       0          0.432     
756        0.003      815        1065       1351       0          0.434     
757        0.004      823        1064       1366       0          0.436     
758        0.005      818        1071       1363       0          0.433     
759        0.004      818        1067       1359       0          0.434     
760        0.033      815        1071       1357       0          0.432     
761        0.007      822        1077       1377       0          0.433     
762        0.005      819        1067       1361       0          0.434     
763        0.004      816        1063       1351       0          0.434     
764        0.004      818        1065       1357       0          0.434     
765        0.007      822        1066       1366       0          0.435     
766        0.006      820        1063       1359       0          0.435     
767        0.005      818        1063       1355       0          0.435     
768        0.004      812        1064       1344       0          0.433     
769        0.004      818        1065       1357       0          0.434     
770        0.010      816        1067       1355       0          0.433     
771        0.006      816        1057       1345       0          0.436     
772        0.005      823        1054       1356       0          0.438     
773        0.003      819        1053       1347       0          0.437     
774        0.006      813        1058       1340       0          0.435     
775        0.004      818        1060       1352       0          0.436     
776        0.014      814        1069       1353       0          0.432     
777        0.004      813        1070       1352       0          0.432     
778        0.003      813        1077       1359       0          0.430     
779        0.003      809        1075       1349       0          0.429     
780        0.004      811        1070       1348       0          0.431     
781        0.012      814        1067       1351       0          0.433     
782        0.005      814        1065       1349       0          0.433     
783        0.008      809        1055       1329       0          0.434     
784        0.005      814        1069       1353       0          0.432     
785        0.003      808        1062       1334       0          0.432     
786        0.003      817        1064       1354       0          0.434     
787        0.007      812        1073       1353       0          0.431     
788        0.003      814        1065       1349       0          0.433     
789        0.004      815        1064       1350       0          0.434     
790        0.004      817        1065       1355       0          0.434     
791        0.005      816        1057       1345       0          0.436     
792        0.005      823        1054       1356       0          0.438     
793        0.005      815        1063       1349       0          0.434     
794        0.006      816        1060       1348       0          0.435     
795        0.006      812        1065       1345       0          0.433     
796        0.006      819        1053       1347       0          0.437     
797        0.006      815        1059       1345       0          0.435     
798        0.003      819        1058       1352       0          0.436     
799        0.005      820        1055       1351       0          0.437     
800        0.004      811        1056       1334       0          0.434     
801        0.006      817        1056       1346       0          0.436     
802        0.004      817        1051       1341       0          0.437     
803        0.004      815        1064       1350       0          0.434     
804        0.254      812        1061       1341       0          0.434     
805        0.005      814        1062       1346       0          0.434     
806        0.004      819        1061       1355       0          0.436     
807        0.003      819        1058       1352       0          0.436     
808        0.006      817        1057       1347       0          0.436     
809        0.106      814        1060       1344       0          0.434     
810        0.005      816        1058       1346       0          0.435     
811        0.003      813        1055       1337       0          0.435     
812        0.004      814        1062       1346       0          0.434     
813        0.004      819        1047       1341       0          0.439     
814        0.003      817        1048       1338       0          0.438     
815        0.003      816        1049       1337       0          0.438     
816        0.004      819        1057       1351       0          0.437     
817        0.005      824        1046       1350       0          0.441     
818        0.005      818        1051       1343       0          0.438     
819        0.005      830        1047       1363       0          0.442     
820        0.006      825        1048       1354       0          0.440     
821        0.005      821        1050       1348       0          0.439     
822        0.005      825        1043       1349       0          0.442     
823        0.006      826        1046       1354       0          0.441     
824        0.006      822        1046       1346       0          0.440     
825        0.006      833        1042       1364       0          0.444     
826        0.007      819        1056       1350       0          0.437     
827        0.005      826        1055       1363       0          0.439     
828        0.005      826        1043       1351       0          0.442     
829        0.004      831        1057       1375       0          0.440     
830        0.110      824        1047       1351       0          0.440     
831        0.005      823        1056       1358       0          0.438     
832        0.005      822        1071       1371       0          0.434     
833        0.012      825        1065       1371       0          0.437     
834        0.006      813        1069       1351       0          0.432     
835        0.005      815        1068       1354       0          0.433     
836        0.005      811        1063       1341       0          0.433     
837        0.004      813        1068       1350       0          0.432     
838        0.005      810        1072       1348       0          0.430     
839        0.004      813        1063       1345       0          0.433     
840        0.021      819        1063       1357       0          0.435     
841        0.005      813        1064       1346       0          0.433     
842        0.005      816        1067       1355       0          0.433     
843        0.003      821        1069       1367       0          0.434     
844        0.004      819        1070       1364       0          0.434     
845        0.004      825        1061       1367       0          0.437     
846        0.005      820        1052       1348       0          0.438     
847        0.005      827        1062       1372       0          0.438     
848        0.032      827        1053       1363       0          0.440     
849        0.023      826        1056       1364       0          0.439     
850        0.047      819        1048       1342       0          0.439     
851        0.005      811        1039       1317       0          0.438     
852        0.007      819        1040       1334       0          0.441     
853        0.005      821        1049       1347       0          0.439     
854        0.005      819        1044       1338       0          0.440     
855        0.003      821        1043       1341       0          0.440     
856        0.004      827        1047       1357       0          0.441     
857        0.004      827        1036       1346       0          0.444     
858        0.004      822        1048       1348       0          0.440     
859        0.003      815        1052       1338       0          0.437     
860        0.006      825        1045       1351       0          0.441     
861        0.003      830        1040       1356       0          0.444     
862        0.005      820        1048       1344       0          0.439     
863        0.004      821        1050       1348       0          0.439     
864        0.004      819        1056       1350       0          0.437     
865        0.004      821        1053       1351       0          0.438     
866        0.002      819        1055       1349       0          0.437     
867        0.002      822        1047       1347       0          0.440     
868        0.004      827        1031       1341       0          0.445     
869        0.004      825        1032       1338       0          0.444     
870        0.005      826        1038       1346       0          0.443     
871        0.004      820        1052       1348       0          0.438     
872        0.004      825        1042       1348       0          0.442     
873        0.005      832        1044       1364       0          0.443     
874        0.004      820        1040       1336       0          0.441     
875        0.004      835        1032       1358       0          0.447     
876        0.004      822        1046       1346       0          0.440     
877        0.004      822        1051       1351       0          0.439     
878        0.004      821        1052       1350       0          0.438     
879        0.004      823        1045       1347       0          0.441     
880        0.004      821        1049       1347       0          0.439     
881        0.004      814        1042       1326       0          0.439     
882        0.004      815        1054       1340       0          0.436     
883        0.004      815        1047       1333       0          0.438     
884        0.003      818        1041       1333       0          0.440     
885        0.005      819        1050       1344       0          0.438     
886        0.003      815        1057       1343       0          0.435     
887        0.005      812        1064       1344       0          0.433     
888        0.006      817        1047       1337       0          0.438     
889        0.108      823        1044       1346       0          0.441     
890        0.006      822        1042       1342       0          0.441     
891        0.006      815        1056       1342       0          0.436     
892        0.004      808        1067       1339       0          0.431     
893        0.004      818        1057       1349       0          0.436     
894        0.005      806        1057       1325       0          0.433     
895        0.005      820        1064       1360       0          0.435     
896        0.004      819        1050       1344       0          0.438     
897        0.005      824        1046       1350       0          0.441     
898        0.005      813        1050       1332       0          0.436     
899        0.004      820        1046       1342       0          0.439     
900        0.004      816        1055       1343       0          0.436     
901        0.068      822        1055       1355       0          0.438     
902        0.006      822        1063       1363       0          0.436     
903        0.007      826        1052       1360       0          0.440     
904        0.130      825        1056       1362       0          0.439     
905        0.008      822        1049       1349       0          0.439     
906        0.007      830        1041       1357       0          0.444     
907        0.004      833        1039       1361       0          0.445     
908        0.123      824        1043       1347       0          0.441     
909        0.006      817        1047       1337       0          0.438     
910        0.005      822        1034       1334       0          0.443     
911        0.080      825        1031       1337       0          0.445     
912        0.005      817        1032       1322       0          0.442     
913        0.004      820        1034       1330       0          0.442     
914        0.004      815        1051       1337       0          0.437     
915        0.005      820        1052       1348       0          0.438     
916        0.003      820        1033       1329       0          0.443     
917        0.004      822        1044       1344       0          0.441     
918        0.004      822        1047       1347       0          0.440     
919        0.004      813        1048       1330       0          0.437     
920        0.003      819        1056       1350       0          0.437     
921        0.004      822        1048       1348       0          0.440     
922        0.005      815        1058       1344       0          0.435     
923        0.005      827        1045       1355       0          0.442     
924        0.005      815        1050       1336       0          0.437     
925        0.042      818        1060       1352       0          0.436     
926        0.005      820        1046       1342       0          0.439     
927        0.007      821        1052       1350       0          0.438     
928        0.003      818        1049       1341       0          0.438     
929        0.084      811        1058       1336       0          0.434     
930        0.004      813        1060       1342       0          0.434     
931        0.004      825        1053       1359       0          0.439     
932        0.005      808        1069       1341       0          0.430     
933        0.004      812        1052       1332       0          0.436     
934        0.004      814        1045       1329       0          0.438     
935        0.010      805        1051       1317       0          0.434     
936        0.004      810        1058       1334       0          0.434     
937        0.011      796        1080       1328       0          0.424     
938        0.004      796        1076       1324       0          0.425     
939        0.005      802        1059       1319       0          0.431     
940        0.004      800        1055       1311       0          0.431     
941        0.003      799        1068       1322       0          0.428     
942        0.004      798        1070       1322       0          0.427     
943        0.004      803        1066       1328       0          0.430     
944        0.004      801        1067       1325       0          0.429     
945        0.005      797        1075       1325       0          0.426     
946        0.006      795        1075       1321       0          0.425     
947        0.006      806        1067       1335       0          0.430     
948        0.004      803        1064       1326       0          0.430     
949        0.124      805        1056       1322       0          0.433     
950        0.004      799        1059       1313       0          0.430     
951        0.004      805        1063       1329       0          0.431     
952        0.004      810        1060       1336       0          0.433     
953        0.004      809        1063       1337       0          0.432     
954        0.005      813        1064       1346       0          0.433     
955        0.004      808        1059       1331       0          0.433     
956        0.005      809        1064       1338       0          0.432     
957        0.004      811        1062       1340       0          0.433     
958        0.004      810        1057       1333       0          0.434     
959        0.004      814        1068       1352       0          0.433     
960        0.141      815        1053       1339       0          0.436     
961        0.004      810        1052       1328       0          0.435     
962        0.003      812        1056       1336       0          0.435     
963        0.039      811        1045       1323       0          0.437     
964        0.004      815        1047       1333       0          0.438     
965        0.003      818        1046       1338       0          0.439     
966        0.079      814        1055       1339       0          0.436     
967        0.005      822        1050       1350       0          0.439     
968        0.006      824        1043       1347       0          0.441     
969        0.006      823        1048       1350       0          0.440     
970        0.005      821        1044       1342       0          0.440     
971        0.004      818        1052       1344       0          0.437     
972        0.012      819        1067       1361       0          0.434     
973        0.003      817        1048       1338       0          0.438     
974        0.002      818        1054       1346       0          0.437     
975        0.005      813        1050       1332       0          0.436     
976        0.131      821        1047       1345       0          0.440     
977        0.005      823        1037       1339       0          0.442     
978        0.007      827        1046       1356       0          0.442     
979        0.005      821        1044       1342       0          0.440     
980        0.006      818        1043       1335       0          0.440     
981        0.009      817        1042       1332       0          0.439     
982        0.004      815        1050       1336       0          0.437     
983        0.005      816        1042       1330       0          0.439     
984        0.004      819        1046       1340       0          0.439     
985        0.007      819        1054       1348       0          0.437     
986        0.004      816        1037       1325       0          0.440     
987        0.004      816        1047       1335       0          0.438     
988        0.005      812        1054       1334       0          0.435     
989        0.003      812        1054       1334       0          0.435     
990        0.003      818        1044       1336       0          0.439     
991        0.004      813        1037       1319       0          0.439     
992        0.003      817        1049       1339       0          0.438     
993        0.004      809        1042       1316       0          0.437     
994        0.003      815        1033       1319       0          0.441     
995        0.004      822        1041       1341       0          0.441     
996        0.003      820        1050       1346       0          0.439     
997        0.003      818        1047       1339       0          0.439     
998        0.019      823        1040       1342       0          0.442     
999        0.003      825        1047       1353       0          0.441     
1000       0.003      822        1049       1349       0          0.439     

Correct    839
Incorrect  992
Baseline   0.003     
Accuracy   0.458     

Model: /home/jupyter-nlp/Skripsi Daniel/NER Dataset/NER Model/Gold-standard Model/1000-03-106-NM
Training data: /home/jupyter-nlp/Skripsi Daniel/NER Dataset/NER Model/Gold-standard Model/1000-03-106-NM/training.jsonl
Evaluation data: /home/jupyter-nlp/Skripsi Daniel/NER Dataset/NER Model/Gold-standard Model/1000-03-106-NM/evaluation.jsonl


real    206m21.039s
user    717m41.981s
sys     522m39.119s


Dataset            ner_id_train_1_dev
  Created            2019-06-02 12:33:48
  Description        None
  Author             Daniel_Chrisna_Danuega
  Annotations        2580
  Accept             2554
  Reject             3
  Ignore             23