
Loaded model id_ud-tag-dep-ner-1.0.0/
Using 20% of accept/reject examples (511) for evaluation
Using 100% of remaining examples (2230) for training
Dropout: 0.5  Batch size: 106  Iterations: 1000  


BEFORE     0.013     
Correct    17
Incorrect  1327
Entities   4773      
Unknown    4756      

         
#          LOSS       RIGHT      WRONG      ENTS       SKIP       ACCURACY  
01         4.296      61         1283       109        0          0.045     
02         4.745      245        1099       995        0          0.182     
03         4.829      382        962        1484       0          0.284     
04         2.664      418        926        1583       0          0.311     
05         2.766      462        882        1344       0          0.344     
06         1.661      501        843        1394       0          0.373     
07         2.018      529        815        1415       0          0.394     
08         3.430      547        797        1373       0          0.407     
09         2.581      558        786        1420       0          0.415     
10         2.204      570        774        1495       0          0.424     
11         2.109      594        750        1507       0          0.442     
12         3.706      598        746        1596       0          0.445     
13         2.259      618        726        1683       0          0.460     
14         2.903      634        710        1442       0          0.472     
15         3.643      650        694        1519       0          0.484     
16         2.913      646        698        2021       0          0.481     
17         2.380      662        682        2021       0          0.493     
18         2.955      681        663        1969       0          0.507     
19         3.974      677        667        2018       0          0.504     
20         1.851      679        665        1980       0          0.505     
21         2.855      691        653        1914       0          0.514     
22         1.341      696        648        2067       0          0.518     
23         2.920      713        631        2563       0          0.531     
24         2.781      723        621        2025       0          0.538     
25         2.407      721        623        1991       0          0.536     
26         1.777      708        636        2019       0          0.527     
27         3.495      739        605        2103       0          0.550     
28         1.444      753        591        2138       0          0.560     
29         1.303      754        590        1946       0          0.561     
30         2.126      762        582        2176       0          0.567     
31         1.461      774        570        2039       0          0.576     
32         2.205      782        562        2188       0          0.582     
33         1.220      775        569        2160       0          0.577     
34         1.960      783        561        2277       0          0.583     
35         2.542      780        564        2240       0          0.580     
36         1.150      772        572        2229       0          0.574     
37         1.031      784        560        2258       0          0.583     
38         1.815      793        551        2437       0          0.590     
39         1.274      796        548        2327       0          0.592     
40         0.737      774        570        2111       0          0.576     
41         1.662      774        570        2168       0          0.576     
42         1.478      782        562        2270       0          0.582     
43         1.973      798        546        2219       0          0.594     
44         1.057      791        553        2175       0          0.589     
45         1.552      787        557        2151       0          0.586     
46         0.836      795        549        2243       0          0.592     
47         1.437      790        554        2331       0          0.588     
48         1.090      781        563        2121       0          0.581     
49         1.891      782        562        2270       0          0.582     
50         0.695      786        558        2610       0          0.585     
51         1.777      787        557        2343       0          0.586     
52         0.943      785        559        2236       0          0.584     
53         0.669      788        556        2417       0          0.586     
54         0.705      783        561        2285       0          0.583     
55         0.869      791        553        2449       0          0.589     
56         0.558      789        555        2318       0          0.587     
57         1.287      784        560        2397       0          0.583     
58         1.057      787        557        2390       0          0.586     
59         0.791      779        565        2453       0          0.580     
60         2.065      777        567        2320       0          0.578     
61         1.443      780        564        2314       0          0.580     
62         1.341      771        573        2226       0          0.574     
63         0.897      775        569        2560       0          0.577     
64         0.835      768        576        2306       0          0.571     
65         0.990      774        570        2374       0          0.576     
66         0.573      773        571        2313       0          0.575     
67         0.469      775        569        2437       0          0.577     
68         1.281      781        563        2279       0          0.581     
69         0.549      765        579        2365       0          0.569     
70         1.126      773        571        2323       0          0.575     
71         0.467      766        578        2277       0          0.570     
72         2.037      771        573        2475       0          0.574     
73         1.061      774        570        2357       0          0.576     
74         0.666      770        574        2368       0          0.573     
75         0.769      779        565        2438       0          0.580     
76         1.716      770        574        2350       0          0.573     
77         1.208      769        575        2423       0          0.572     
78         1.366      769        575        2283       0          0.572     
79         0.687      768        576        2362       0          0.571     
80         1.531      771        573        2304       0          0.574     
81         0.568      760        584        2387       0          0.565     
82         0.602      770        574        2352       0          0.573     
83         0.455      774        570        2304       0          0.576     
84         1.064      773        571        2329       0          0.575     
85         2.581      769        575        2157       0          0.572     
86         0.625      773        571        2331       0          0.575     
87         0.465      776        568        2293       0          0.577     
88         2.193      762        582        2249       0          0.567     
89         1.870      771        573        2247       0          0.574     
90         1.653      770        574        2242       0          0.573     
91         0.684      775        569        2267       0          0.577     
92         0.813      771        573        2274       0          0.574     
93         1.023      762        582        2336       0          0.567     
94         0.456      768        576        2322       0          0.571     
95         0.978      763        581        2344       0          0.568     
96         0.458      768        576        2322       0          0.571     
97         0.503      767        577        2352       0          0.571     
98         0.464      766        578        2306       0          0.570     
99         0.379      768        576        2322       0          0.571     
100        0.845      778        566        2331       0          0.579     
101        1.042      772        572        2293       0          0.574     
102        0.492      773        571        2295       0          0.575     
103        0.349      774        570        2334       0          0.576     
104        0.586      764        580        2186       0          0.568     
105        0.515      765        579        2258       0          0.569     
106        0.635      768        576        2210       0          0.571     
107        0.553      763        581        2190       0          0.568     
108        1.939      774        570        2235       0          0.576     
109        0.862      761        583        2239       0          0.566     
110        0.387      764        580        2220       0          0.568     
111        0.753      769        575        2253       0          0.572     
112        0.908      763        581        2245       0          0.568     
113        0.838      765        579        2216       0          0.569     
114        0.369      757        587        2214       0          0.563     
115        0.765      759        585        2187       0          0.565     
116        0.483      761        583        2197       0          0.566     
117        0.751      764        580        2202       0          0.568     
118        1.284      761        583        2269       0          0.566     
119        2.249      758        586        2217       0          0.564     
120        0.591      763        581        2416       0          0.568     
121        0.395      758        586        2316       0          0.564     
122        0.344      770        574        2337       0          0.573     
123        0.321      768        576        2358       0          0.571     
124        0.412      767        577        2316       0          0.571     
125        0.372      765        579        2289       0          0.569     
126        1.347      769        575        2361       0          0.572     
127        1.162      771        573        2442       0          0.574     
128        0.281      764        580        2410       0          0.568     
129        0.330      765        579        2332       0          0.569     
130        0.357      768        576        2396       0          0.571     
131        1.278      762        582        2247       0          0.567     
132        0.404      764        580        2350       0          0.568     
133        0.613      766        578        2289       0          0.570     
134        0.606      769        575        2340       0          0.572     
135        0.577      767        577        2476       0          0.571     
136        0.300      767        577        2277       0          0.571     
137        0.398      761        583        2349       0          0.566     
138        0.278      759        585        2279       0          0.565     
139        0.372      772        572        2426       0          0.574     
140        0.375      762        582        2414       0          0.567     
141        0.334      761        583        2362       0          0.566     
142        0.469      764        580        2481       0          0.568     
143        0.335      760        584        2374       0          0.565     
144        0.253      759        585        2355       0          0.565     
145        0.329      767        577        2337       0          0.571     
146        1.083      772        572        2360       0          0.574     
147        1.337      769        575        2338       0          0.572     
148        0.592      765        579        2385       0          0.569     
149        0.268      762        582        2345       0          0.567     
150        0.850      764        580        2404       0          0.568     
151        0.253      770        574        2458       0          0.573     
152        1.261      770        574        2435       0          0.573     
153        0.600      767        577        2416       0          0.571     
154        0.536      769        575        2485       0          0.572     
155        0.452      765        579        2391       0          0.569     
156        0.662      767        577        2392       0          0.571     
157        0.365      762        582        2344       0          0.567     
158        0.893      768        576        2465       0          0.571     
159        0.416      773        571        2394       0          0.575     
160        0.250      769        575        2405       0          0.572     
161        1.007      769        575        2419       0          0.572     
162        0.410      769        575        2410       0          0.572     
163        0.255      766        578        2369       0          0.570     
164        0.542      759        585        2263       0          0.565     
165        1.192      761        583        2401       0          0.566     
166        0.466      763        581        2413       0          0.568     
167        0.594      766        578        2353       0          0.570     
168        0.271      769        575        2369       0          0.572     
169        0.393      758        586        2251       0          0.564     
170        0.846      773        571        2334       0          0.575     
171        0.239      771        573        2351       0          0.574     
172        0.298      773        571        2313       0          0.575     
173        0.501      774        570        2349       0          0.576     
174        0.231      764        580        2261       0          0.568     
175        0.232      764        580        2221       0          0.568     
176        0.230      777        567        2322       0          0.578     
177        0.763      769        575        2414       0          0.572     
178        0.374      775        569        2356       0          0.577     
179        0.696      765        579        2215       0          0.569     
180        0.261      766        578        2288       0          0.570     
181        0.677      770        574        2366       0          0.573     
182        0.296      763        581        2269       0          0.568     
183        0.334      773        571        2351       0          0.575     
184        0.323      767        577        2356       0          0.571     
185        0.330      766        578        2249       0          0.570     
186        0.365      773        571        2289       0          0.575     
187        0.456      764        580        2317       0          0.568     
188        0.225      766        578        2345       0          0.570     
189        0.405      767        577        2362       0          0.571     
190        0.462      767        577        2252       0          0.571     
191        0.505      756        588        2259       0          0.562     
192        0.815      759        585        2280       0          0.565     
193        0.203      764        580        2297       0          0.568     
194        0.855      764        580        2223       0          0.568     
195        0.725      759        585        2246       0          0.565     
196        1.143      762        582        2378       0          0.567     
197        0.380      761        583        2256       0          0.566     
198        0.675      757        587        2274       0          0.563     
199        2.834      757        587        2347       0          0.563     
200        0.319      759        585        2265       0          0.565     
201        0.375      760        584        2306       0          0.565     
202        0.737      764        580        2315       0          0.568     
203        0.219      759        585        2300       0          0.565     
204        0.448      772        572        2344       0          0.574     
205        0.572      757        587        2191       0          0.563     
206        0.327      757        587        2220       0          0.563     
207        0.805      760        584        2298       0          0.565     
208        0.581      766        578        2321       0          0.570     
209        0.393      757        587        2278       0          0.563     
210        0.330      764        580        2182       0          0.568     
211        0.808      766        578        2251       0          0.570     
212        0.363      761        583        2325       0          0.566     
213        0.213      761        583        2231       0          0.566     
214        0.381      758        586        2227       0          0.564     
215        0.291      760        584        2245       0          0.565     
216        0.397      752        592        2253       0          0.560     
217        0.649      759        585        2295       0          0.565     
218        0.246      752        592        2270       0          0.560     
219        0.396      752        592        2262       0          0.560     
220        0.624      751        593        2201       0          0.559     
221        0.331      751        593        2225       0          0.559     
222        0.219      746        598        2294       0          0.555     
223        0.293      745        599        2227       0          0.554     
224        0.192      752        592        2279       0          0.560     
225        0.528      740        604        2116       0          0.551     
226        0.672      755        589        2241       0          0.562     
227        0.326      749        595        2264       0          0.557     
228        0.383      750        594        2253       0          0.558     
229        0.197      751        593        2238       0          0.559     
230        0.510      753        591        2277       0          0.560     
231        1.346      753        591        2281       0          0.560     
232        0.394      750        594        2289       0          0.558     
233        0.422      747        597        2260       0          0.556     
234        1.396      752        592        2238       0          0.560     
235        0.223      751        593        2246       0          0.559     
236        0.194      755        589        2328       0          0.562     
237        0.631      744        600        2391       0          0.554     
238        0.785      753        591        2438       0          0.560     
239        0.666      754        590        2354       0          0.561     
240        0.721      750        594        2281       0          0.558     
241        0.180      754        590        2312       0          0.561     
242        0.609      752        592        2327       0          0.560     
243        0.195      756        588        2393       0          0.562     
244        0.290      755        589        2352       0          0.562     
245        0.509      748        596        2342       0          0.557     
246        1.306      749        595        2307       0          0.557     
247        0.207      755        589        2325       0          0.562     
248        0.250      748        596        2255       0          0.557     
249        0.198      766        578        2329       0          0.570     
250        0.717      764        580        2403       0          0.568     
251        1.223      760        584        2300       0          0.565     
252        0.556      755        589        2320       0          0.562     
253        0.306      755        589        2287       0          0.562     
254        0.338      758        586        2313       0          0.564     
255        0.631      758        586        2359       0          0.564     
256        0.249      757        587        2431       0          0.563     
257        0.287      758        586        2435       0          0.564     
258        0.244      747        597        2322       0          0.556     
259        0.517      755        589        2326       0          0.562     
260        0.389      756        588        2349       0          0.562     
261        0.549      753        591        2344       0          0.560     
262        0.308      748        596        2396       0          0.557     
263        0.804      758        586        2446       0          0.564     
264        0.316      753        591        2439       0          0.560     
265        0.822      754        590        2400       0          0.561     
266        0.477      765        579        2378       0          0.569     
267        0.241      754        590        2390       0          0.561     
268        0.734      764        580        2480       0          0.568     
269        0.360      764        580        2424       0          0.568     
270        0.364      752        592        2417       0          0.560     
271        0.345      764        580        2444       0          0.568     
272        0.264      759        585        2410       0          0.565     
273        0.485      757        587        2354       0          0.563     
274        0.221      757        587        2444       0          0.563     
275        0.416      761        583        2484       0          0.566     
276        0.316      761        583        2430       0          0.566     
277        0.841      758        586        2359       0          0.564     
278        0.195      760        584        2413       0          0.565     
279        0.353      756        588        2447       0          0.562     
280        0.173      750        594        2425       0          0.558     
281        0.367      757        587        2418       0          0.563     
282        1.579      756        588        2428       0          0.562     
283        0.233      759        585        2458       0          0.565     
284        0.441      754        590        2341       0          0.561     
285        0.261      753        591        2383       0          0.560     
286        0.392      757        587        2469       0          0.563     
287        0.607      755        589        2419       0          0.562     
288        0.342      751        593        2301       0          0.559     
289        0.234      757        587        2427       0          0.563     
290        1.294      751        593        2283       0          0.559     
291        0.617      752        592        2309       0          0.560     
292        0.223      753        591        2342       0          0.560     
293        0.217      751        593        2389       0          0.559     
294        0.666      748        596        2319       0          0.557     
295        0.386      747        597        2354       0          0.556     
296        0.151      750        594        2422       0          0.558     
297        0.420      753        591        2352       0          0.560     
298        0.779      751        593        2382       0          0.559     
299        0.174      753        591        2392       0          0.560     
300        0.443      756        588        2359       0          0.562     
301        0.260      759        585        2390       0          0.565     
302        0.196      746        598        2316       0          0.555     
303        0.274      745        599        2347       0          0.554     
304        0.529      749        595        2340       0          0.557     
305        0.684      746        598        2346       0          0.555     
306        0.377      744        600        2372       0          0.554     
307        0.183      749        595        2383       0          0.557     
308        0.158      760        584        2397       0          0.565     
309        0.229      749        595        2317       0          0.557     
310        0.556      751        593        2271       0          0.559     
311        0.179      746        598        2219       0          0.555     
312        0.335      748        596        2243       0          0.557     
313        0.374      742        602        2315       0          0.552     
314        0.218      751        593        2295       0          0.559     
315        0.182      751        593        2309       0          0.559     
316        0.209      751        593        2322       0          0.559     
317        0.222      748        596        2350       0          0.557     
318        0.518      750        594        2350       0          0.558     
319        0.165      754        590        2344       0          0.561     
320        0.314      753        591        2374       0          0.560     
321        0.216      755        589        2366       0          0.562     
322        0.901      746        598        2340       0          0.555     
323        0.414      749        595        2334       0          0.557     
324        0.158      753        591        2281       0          0.560     
325        0.210      755        589        2210       0          0.562     
326        0.437      753        591        2273       0          0.560     
327        0.167      760        584        2287       0          0.565     
328        0.301      754        590        2312       0          0.561     
329        0.458      751        593        2275       0          0.559     
330        0.489      748        596        2311       0          0.557     
331        0.372      747        597        2292       0          0.556     
332        0.154      754        590        2316       0          0.561     
333        0.247      756        588        2274       0          0.562     
334        0.772      757        587        2278       0          0.563     
335        0.336      754        590        2318       0          0.561     
336        0.282      757        587        2329       0          0.563     
337        0.356      757        587        2282       0          0.563     
338        0.431      763        581        2442       0          0.568     
339        0.248      752        592        2384       0          0.560     
340        0.286      760        584        2403       0          0.565     
341        0.163      751        593        2464       0          0.559     
342        0.363      749        595        2355       0          0.557     
343        0.611      754        590        2420       0          0.561     
344        0.201      757        587        2332       0          0.563     
345        0.188      753        591        2337       0          0.560     
346        0.381      760        584        2492       0          0.565     
347        0.242      755        589        2476       0          0.562     
348        0.430      760        584        2524       0          0.565     
349        0.155      756        588        2438       0          0.562     
350        1.499      756        588        2410       0          0.562     
351        0.686      752        592        2415       0          0.560     
352        0.308      746        598        2401       0          0.555     
353        0.162      748        596        2350       0          0.557     
354        0.278      748        596        2323       0          0.557     
355        0.181      750        594        2363       0          0.558     
356        0.191      748        596        2402       0          0.557     
357        0.230      755        589        2363       0          0.562     
358        0.284      758        586        2362       0          0.564     
359        0.518      760        584        2349       0          0.565     
360        0.355      748        596        2296       0          0.557     
361        0.168      756        588        2453       0          0.562     
362        0.311      758        586        2364       0          0.564     
363        0.162      758        586        2427       0          0.564     
364        0.158      761        583        2355       0          0.566     
365        0.153      756        588        2395       0          0.562     
366        0.185      753        591        2381       0          0.560     
367        0.156      759        585        2361       0          0.565     
368        0.451      759        585        2382       0          0.565     
369        0.336      755        589        2343       0          0.562     
370        0.540      767        577        2387       0          0.571     
371        0.360      765        579        2320       0          0.569     
372        0.591      765        579        2406       0          0.569     
373        0.161      760        584        2335       0          0.565     
374        0.237      757        587        2284       0          0.563     
375        0.427      749        595        2211       0          0.557     
376        0.141      756        588        2250       0          0.562     
377        0.148      764        580        2425       0          0.568     
378        0.149      760        584        2291       0          0.565     
379        0.153      746        598        2255       0          0.555     
380        0.636      754        590        2324       0          0.561     
381        0.401      757        587        2419       0          0.563     
382        0.340      756        588        2411       0          0.562     
383        0.376      761        583        2377       0          0.566     
384        0.328      768        576        2514       0          0.571     
385        0.181      756        588        2450       0          0.562     
386        0.644      755        589        2352       0          0.562     
387        0.202      760        584        2324       0          0.565     
388        0.279      757        587        2413       0          0.563     
389        0.215      757        587        2319       0          0.563     
390        0.277      756        588        2358       0          0.562     
391        0.243      757        587        2384       0          0.563     
392        0.395      756        588        2294       0          0.562     
393        0.265      756        588        2316       0          0.562     
394        0.809      758        586        2367       0          0.564     
395        0.756      748        596        2397       0          0.557     
396        0.148      751        593        2405       0          0.559     
397        0.409      748        596        2304       0          0.557     
398        0.358      748        596        2250       0          0.557     
399        0.763      744        600        2297       0          0.554     
400        0.541      743        601        2333       0          0.553     
401        0.444      755        589        2371       0          0.562     
402        0.147      749        595        2340       0          0.557     
403        0.407      753        591        2338       0          0.560     
404        0.287      751        593        2423       0          0.559     
405        0.527      759        585        2404       0          0.565     
406        0.143      748        596        2352       0          0.557     
407        0.145      747        597        2320       0          0.556     
408        0.569      760        584        2370       0          0.565     
409        0.152      757        587        2411       0          0.563     
410        0.238      752        592        2231       0          0.560     
411        0.170      743        601        2252       0          0.553     
412        0.217      756        588        2303       0          0.562     
413        0.139      761        583        2412       0          0.566     
414        0.401      746        598        2393       0          0.555     
415        0.223      752        592        2395       0          0.560     
416        0.138      757        587        2269       0          0.563     
417        0.156      752        592        2337       0          0.560     
418        0.503      762        582        2415       0          0.567     
419        0.376      764        580        2493       0          0.568     
420        0.778      755        589        2403       0          0.562     
421        0.290      766        578        2389       0          0.570     
422        0.987      758        586        2378       0          0.564     
423        0.207      763        581        2450       0          0.568     
424        0.571      757        587        2428       0          0.563     
425        0.188      762        582        2428       0          0.567     
426        0.258      763        581        2421       0          0.568     
427        0.197      764        580        2509       0          0.568     
428        0.333      758        586        2535       0          0.564     
429        0.202      759        585        2449       0          0.565     
430        0.242      757        587        2398       0          0.563     
431        0.170      757        587        2363       0          0.563     
432        0.176      760        584        2461       0          0.565     
433        0.434      757        587        2505       0          0.563     
434        0.471      754        590        2385       0          0.561     
435        0.136      755        589        2374       0          0.562     
436        0.218      756        588        2378       0          0.562     
437        0.233      756        588        2404       0          0.562     
438        0.162      754        590        2404       0          0.561     
439        0.472      755        589        2371       0          0.562     
440        0.215      750        594        2318       0          0.558     
441        0.529      753        591        2337       0          0.560     
442        0.354      752        592        2371       0          0.560     
443        0.170      752        592        2316       0          0.560     
444        0.416      757        587        2300       0          0.563     
445        0.181      761        583        2345       0          0.566     
446        0.512      756        588        2297       0          0.562     
447        0.154      757        587        2347       0          0.563     
448        0.195      760        584        2351       0          0.565     
449        0.178      753        591        2388       0          0.560     
450        0.139      755        589        2330       0          0.562     
451        0.617      752        592        2329       0          0.560     
452        0.246      759        585        2368       0          0.565     
453        0.315      757        587        2378       0          0.563     
454        0.440      767        577        2355       0          0.571     
455        0.231      752        592        2347       0          0.560     
456        0.425      756        588        2360       0          0.562     
457        0.516      753        591        2342       0          0.560     
458        0.143      757        587        2325       0          0.563     
459        0.205      762        582        2375       0          0.567     
460        0.324      758        586        2379       0          0.564     
461        0.416      762        582        2438       0          0.567     
462        0.160      761        583        2387       0          0.566     
463        0.168      759        585        2371       0          0.565     
464        0.439      755        589        2399       0          0.562     
465        0.137      762        582        2416       0          0.567     
466        0.383      762        582        2367       0          0.567     
467        0.213      752        592        2371       0          0.560     
468        0.233      756        588        2458       0          0.562     
469        0.414      754        590        2391       0          0.561     
470        0.271      761        583        2430       0          0.566     
471        0.145      761        583        2454       0          0.566     
472        0.312      764        580        2515       0          0.568     
473        1.089      767        577        2427       0          0.571     
474        0.429      755        589        2359       0          0.562     
475        0.453      764        580        2347       0          0.568     
476        0.404      763        581        2367       0          0.568     
477        0.512      763        581        2410       0          0.568     
478        0.580      753        591        2347       0          0.560     
479        0.303      760        584        2344       0          0.565     
480        0.139      750        594        2329       0          0.558     
481        0.223      763        581        2285       0          0.568     
482        0.134      760        584        2302       0          0.565     
483        0.146      756        588        2306       0          0.562     
484        0.171      757        587        2259       0          0.563     
485        0.121      758        586        2317       0          0.564     
486        0.584      748        596        2274       0          0.557     
487        0.449      761        583        2391       0          0.566     
488        0.151      756        588        2336       0          0.562     
489        0.131      752        592        2288       0          0.560     
490        0.286      752        592        2364       0          0.560     
491        0.192      756        588        2308       0          0.562     
492        0.125      754        590        2313       0          0.561     
493        0.251      750        594        2279       0          0.558     
494        0.594      752        592        2338       0          0.560     
495        0.505      751        593        2373       0          0.559     
496        0.561      750        594        2375       0          0.558     
497        0.404      758        586        2338       0          0.564     
498        0.141      754        590        2366       0          0.561     
499        0.251      753        591        2387       0          0.560     
500        0.123      756        588        2327       0          0.562     
501        0.185      755        589        2351       0          0.562     
502        0.244      758        586        2400       0          0.564     
503        0.127      753        591        2348       0          0.560     
504        0.236      754        590        2360       0          0.561     
505        0.125      756        588        2378       0          0.562     
506        0.828      750        594        2296       0          0.558     
507        0.325      753        591        2364       0          0.560     
508        0.130      752        592        2327       0          0.560     
509        0.343      746        598        2324       0          0.555     
510        0.491      755        589        2360       0          0.562     
511        0.204      753        591        2387       0          0.560     
512        0.329      749        595        2360       0          0.557     
513        0.311      757        587        2371       0          0.563     
514        0.637      755        589        2399       0          0.562     
515        0.183      755        589        2344       0          0.562     
516        0.147      756        588        2467       0          0.562     
517        0.549      751        593        2408       0          0.559     
518        0.117      753        591        2438       0          0.560     
519        0.153      749        595        2410       0          0.557     
520        0.164      762        582        2449       0          0.567     
521        0.251      748        596        2452       0          0.557     
522        0.221      750        594        2443       0          0.558     
523        0.238      750        594        2399       0          0.558     
524        0.140      745        599        2394       0          0.554     
525        0.127      751        593        2406       0          0.559     
526        0.196      753        591        2431       0          0.560     
527        0.442      752        592        2383       0          0.560     
528        0.119      741        603        2316       0          0.551     
529        0.527      747        597        2332       0          0.556     
530        0.279      744        600        2388       0          0.554     
531        0.315      749        595        2408       0          0.557     
532        0.397      753        591        2410       0          0.560     
533        0.120      745        599        2340       0          0.554     
534        0.142      752        592        2380       0          0.560     
535        0.207      744        600        2448       0          0.554     
536        0.118      749        595        2448       0          0.557     
537        0.558      746        598        2388       0          0.555     
538        0.141      753        591        2416       0          0.560     
539        0.316      756        588        2391       0          0.562     
540        0.117      761        583        2401       0          0.566     
541        0.608      752        592        2362       0          0.560     
542        0.423      753        591        2414       0          0.560     
543        0.336      753        591        2437       0          0.560     
544        0.227      749        595        2446       0          0.557     
545        0.123      753        591        2344       0          0.560     
546        0.229      748        596        2318       0          0.557     
547        0.612      751        593        2398       0          0.559     
548        0.405      750        594        2458       0          0.558     
549        0.162      751        593        2408       0          0.559     
550        0.230      754        590        2436       0          0.561     
551        0.352      753        591        2448       0          0.560     
552        0.126      754        590        2425       0          0.561     
553        0.132      749        595        2431       0          0.557     
554        0.144      755        589        2356       0          0.562     
555        0.274      752        592        2401       0          0.560     
556        0.864      760        584        2404       0          0.565     
557        0.120      753        591        2408       0          0.560     
558        0.338      760        584        2394       0          0.565     
559        0.426      757        587        2397       0          0.563     
560        0.271      758        586        2445       0          0.564     
561        0.434      747        597        2374       0          0.556     
562        0.113      762        582        2420       0          0.567     
563        0.121      753        591        2404       0          0.560     
564        0.169      761        583        2477       0          0.566     
565        0.123      754        590        2477       0          0.561     
566        0.509      759        585        2344       0          0.565     
567        0.132      761        583        2444       0          0.566     
568        0.108      762        582        2471       0          0.567     
569        0.118      758        586        2494       0          0.564     
570        0.169      761        583        2466       0          0.566     
571        0.314      753        591        2430       0          0.560     
572        0.196      749        595        2453       0          0.557     
573        0.144      754        590        2454       0          0.561     
574        0.387      755        589        2436       0          0.562     
575        0.151      755        589        2443       0          0.562     
576        0.282      753        591        2461       0          0.560     
577        0.136      752        592        2501       0          0.560     
578        0.115      754        590        2460       0          0.561     
579        0.123      747        597        2472       0          0.556     
580        0.198      759        585        2505       0          0.565     
581        0.473      751        593        2463       0          0.559     
582        0.131      751        593        2504       0          0.559     
583        0.108      758        586        2481       0          0.564     
584        0.216      752        592        2425       0          0.560     
585        0.121      760        584        2469       0          0.565     
586        0.300      759        585        2503       0          0.565     
587        0.367      752        592        2456       0          0.560     
588        0.106      758        586        2484       0          0.564     
589        0.163      758        586        2428       0          0.564     
590        0.350      759        585        2509       0          0.565     
591        0.200      756        588        2503       0          0.562     
592        0.170      756        588        2492       0          0.562     
593        0.112      759        585        2499       0          0.565     
594        0.658      757        587        2477       0          0.563     
595        0.465      753        591        2439       0          0.560     
596        0.489      756        588        2462       0          0.562     
597        0.119      754        590        2439       0          0.561     
598        0.617      754        590        2448       0          0.561     
599        0.285      750        594        2479       0          0.558     
600        0.128      751        593        2474       0          0.559     
601        0.127      748        596        2495       0          0.557     
602        0.212      752        592        2470       0          0.560     
603        0.188      747        597        2448       0          0.556     
604        0.191      757        587        2476       0          0.563     
605        0.103      751        593        2514       0          0.559     
606        0.136      755        589        2487       0          0.562     
607        0.216      752        592        2437       0          0.560     
608        0.124      754        590        2510       0          0.561     
609        0.184      760        584        2516       0          0.565     
610        0.243      758        586        2571       0          0.564     
611        0.128      755        589        2526       0          0.562     
612        0.126      750        594        2496       0          0.558     
613        0.112      752        592        2476       0          0.560     
614        0.417      747        597        2491       0          0.556     
615        0.212      754        590        2511       0          0.561     
616        1.693      761        583        2498       0          0.566     
617        1.018      758        586        2485       0          0.564     
618        0.329      756        588        2500       0          0.562     
619        0.118      763        581        2529       0          0.568     
620        0.279      759        585        2529       0          0.565     
621        0.158      753        591        2525       0          0.560     
622        0.600      758        586        2520       0          0.564     
623        1.069      751        593        2495       0          0.559     
624        0.109      759        585        2541       0          0.565     
625        0.120      758        586        2559       0          0.564     
626        0.150      760        584        2536       0          0.565     
627        0.226      755        589        2501       0          0.562     
628        0.112      755        589        2516       0          0.562     
629        0.203      753        591        2534       0          0.560     
630        0.286      763        581        2610       0          0.568     
631        0.173      759        585        2538       0          0.565     
632        0.233      753        591        2545       0          0.560     
633        0.358      755        589        2523       0          0.562     
634        0.205      756        588        2531       0          0.562     
635        0.118      757        587        2564       0          0.563     
636        0.327      759        585        2526       0          0.565     
637        0.259      757        587        2544       0          0.563     
638        0.111      762        582        2524       0          0.567     
639        0.230      759        585        2538       0          0.565     
640        0.114      758        586        2517       0          0.564     
641        0.367      761        583        2564       0          0.566     
642        0.313      756        588        2545       0          0.562     
643        0.236      760        584        2546       0          0.565     
644        0.126      753        591        2537       0          0.560     
645        0.295      759        585        2528       0          0.565     
646        0.134      762        582        2578       0          0.567     
647        0.162      757        587        2559       0          0.563     
648        0.224      758        586        2521       0          0.564     
649        0.142      753        591        2498       0          0.560     
650        0.439      753        591        2546       0          0.560     
651        0.229      756        588        2557       0          0.562     
652        1.477      754        590        2569       0          0.561     
653        0.388      750        594        2520       0          0.558     
654        0.198      749        595        2494       0          0.557     
655        0.204      752        592        2556       0          0.560     
656        0.109      756        588        2553       0          0.562     
657        0.177      750        594        2497       0          0.558     
658        0.116      754        590        2512       0          0.561     
659        0.181      756        588        2537       0          0.562     
660        0.130      750        594        2501       0          0.558     
661        0.102      748        596        2511       0          0.557     
662        0.459      753        591        2555       0          0.560     
663        0.235      753        591        2499       0          0.560     
664        0.163      749        595        2483       0          0.557     
665        0.195      750        594        2513       0          0.558     
666        0.271      741        603        2407       0          0.551     
667        0.139      740        604        2447       0          0.551     
668        0.107      741        603        2453       0          0.551     
669        0.200      743        601        2484       0          0.553     
670        0.278      749        595        2448       0          0.557     
671        0.227      742        602        2438       0          0.552     
672        0.217      743        601        2454       0          0.553     
673        0.238      745        599        2547       0          0.554     
674        0.127      747        597        2502       0          0.556     
675        0.539      747        597        2472       0          0.556     
676        0.135      746        598        2409       0          0.555     
677        0.288      744        600        2492       0          0.554     
678        0.095      749        595        2508       0          0.557     
679        0.147      753        591        2451       0          0.560     
680        0.088      746        598        2430       0          0.555     
681        0.101      745        599        2468       0          0.554     
682        0.107      746        598        2466       0          0.555     
683        0.308      745        599        2424       0          0.554     
684        0.091      750        594        2418       0          0.558     
685        0.096      744        600        2416       0          0.554     
686        0.095      747        597        2408       0          0.556     
687        0.114      749        595        2431       0          0.557     
688        0.222      752        592        2490       0          0.560     
689        0.294      753        591        2462       0          0.560     
690        0.130      755        589        2588       0          0.562     
691        0.102      750        594        2477       0          0.558     
692        0.119      746        598        2495       0          0.555     
693        0.090      744        600        2483       0          0.554     
694        0.246      747        597        2477       0          0.556     
695        0.131      752        592        2473       0          0.560     
696        0.107      746        598        2534       0          0.555     
697        0.200      751        593        2435       0          0.559     
698        0.132      749        595        2451       0          0.557     
699        0.235      751        593        2469       0          0.559     
700        0.248      747        597        2489       0          0.556     
701        0.346      749        595        2478       0          0.557     
702        0.116      752        592        2457       0          0.560     
703        0.236      748        596        2443       0          0.557     
704        0.100      753        591        2467       0          0.560     
705        0.105      750        594        2555       0          0.558     
706        0.171      753        591        2522       0          0.560     
707        0.176      751        593        2470       0          0.559     
708        0.100      754        590        2466       0          0.561     
709        0.169      754        590        2467       0          0.561     
710        0.092      751        593        2476       0          0.559     
711        0.161      750        594        2506       0          0.558     
712        0.098      751        593        2475       0          0.559     
713        0.340      750        594        2537       0          0.558     
714        0.108      748        596        2498       0          0.557     
715        0.235      748        596        2510       0          0.557     
716        0.099      748        596        2515       0          0.557     
717        0.201      742        602        2486       0          0.552     
718        0.089      753        591        2508       0          0.560     
719        0.219      751        593        2504       0          0.559     
720        0.257      743        601        2474       0          0.553     
721        0.095      745        599        2451       0          0.554     
722        0.205      751        593        2521       0          0.559     
723        0.097      748        596        2522       0          0.557     
724        0.135      748        596        2473       0          0.557     
725        0.346      750        594        2469       0          0.558     
726        0.202      745        599        2488       0          0.554     
727        0.544      749        595        2474       0          0.557     
728        0.247      749        595        2501       0          0.557     
729        0.267      749        595        2457       0          0.557     
730        0.322      748        596        2460       0          0.557     
731        0.190      746        598        2386       0          0.555     
732        0.116      747        597        2476       0          0.556     
733        0.128      741        603        2440       0          0.551     
734        0.190      746        598        2490       0          0.555     
735        0.856      748        596        2478       0          0.557     
736        0.110      743        601        2452       0          0.553     
737        0.173      750        594        2489       0          0.558     
738        0.093      750        594        2460       0          0.558     
739        0.203      747        597        2435       0          0.556     
740        0.243      746        598        2434       0          0.555     
741        0.114      750        594        2461       0          0.558     
742        0.093      745        599        2469       0          0.554     
743        0.100      742        602        2436       0          0.552     
744        0.083      740        604        2417       0          0.551     
745        0.159      744        600        2436       0          0.554     
746        0.113      743        601        2466       0          0.553     
747        0.083      745        599        2425       0          0.554     
748        0.148      746        598        2458       0          0.555     
749        0.096      751        593        2500       0          0.559     
750        0.125      745        599        2375       0          0.554     
751        0.151      750        594        2483       0          0.558     
752        0.574      743        601        2379       0          0.553     
753        0.290      741        603        2444       0          0.551     
754        0.171      745        599        2398       0          0.554     
755        0.193      751        593        2469       0          0.559     
756        0.115      749        595        2437       0          0.557     
757        0.101      743        601        2478       0          0.553     
758        0.087      740        604        2437       0          0.551     
759        0.260      744        600        2356       0          0.554     
760        0.373      743        601        2442       0          0.553     
761        0.314      747        597        2458       0          0.556     
762        0.100      751        593        2476       0          0.559     
763        0.108      744        600        2397       0          0.554     
764        0.161      743        601        2416       0          0.553     
765        0.294      748        596        2525       0          0.557     
766        0.289      752        592        2490       0          0.560     
767        0.243      752        592        2487       0          0.560     
768        0.108      750        594        2491       0          0.558     
769        0.561      745        599        2403       0          0.554     
770        0.147      754        590        2480       0          0.561     
771        0.166      741        603        2443       0          0.551     
772        0.287      750        594        2488       0          0.558     
773        0.423      753        591        2506       0          0.560     
774        0.160      748        596        2500       0          0.557     
775        0.084      750        594        2467       0          0.558     
776        0.348      753        591        2478       0          0.560     
777        0.918      746        598        2426       0          0.555     
778        0.331      748        596        2475       0          0.557     
779        0.092      752        592        2537       0          0.560     
780        0.090      753        591        2569       0          0.560     
781        0.373      747        597        2451       0          0.556     
782        0.091      747        597        2468       0          0.556     
783        0.326      746        598        2458       0          0.555     
784        0.279      746        598        2504       0          0.555     
785        0.095      746        598        2499       0          0.555     
786        0.353      756        588        2551       0          0.562     
787        0.261      756        588        2527       0          0.562     
788        0.094      754        590        2505       0          0.561     
789        0.215      746        598        2433       0          0.555     
790        0.185      753        591        2508       0          0.560     
791        0.084      757        587        2539       0          0.563     
792        0.147      749        595        2501       0          0.557     
793        0.089      750        594        2518       0          0.558     
794        0.206      747        597        2497       0          0.556     
795        0.118      751        593        2468       0          0.559     
796        0.089      743        601        2481       0          0.553     
797        0.096      750        594        2561       0          0.558     
798        0.282      754        590        2530       0          0.561     
799        0.149      755        589        2492       0          0.562     
800        0.086      750        594        2480       0          0.558     
801        0.102      751        593        2492       0          0.559     
802        0.090      755        589        2507       0          0.562     
803        0.280      745        599        2456       0          0.554     
804        0.356      750        594        2430       0          0.558     
805        0.389      753        591        2454       0          0.560     
806        0.212      753        591        2451       0          0.560     
807        0.190      746        598        2441       0          0.555     
808        0.155      747        597        2395       0          0.556     
809        0.237      742        602        2402       0          0.552     
810        0.197      750        594        2420       0          0.558     
811        0.101      751        593        2419       0          0.559     
812        0.183      747        597        2415       0          0.556     
813        0.147      747        597        2431       0          0.556     
814        0.092      750        594        2513       0          0.558     
815        0.287      749        595        2458       0          0.557     
816        0.099      757        587        2502       0          0.563     
817        0.125      753        591        2471       0          0.560     
818        0.082      755        589        2514       0          0.562     
819        0.085      755        589        2511       0          0.562     
820        0.097      756        588        2494       0          0.562     
821        0.489      751        593        2396       0          0.559     
822        0.090      750        594        2429       0          0.558     
823        0.294      750        594        2470       0          0.558     
824        0.087      758        586        2477       0          0.564     
825        0.263      751        593        2485       0          0.559     
826        0.293      752        592        2448       0          0.560     
827        0.377      755        589        2476       0          0.562     
828        0.086      755        589        2464       0          0.562     
829        0.153      746        598        2448       0          0.555     
830        0.087      752        592        2434       0          0.560     
831        0.145      760        584        2507       0          0.565     
832        0.470      754        590        2462       0          0.561     
833        0.092      758        586        2463       0          0.564     
834        0.118      746        598        2437       0          0.555     
835        0.939      758        586        2494       0          0.564     
836        0.106      752        592        2477       0          0.560     
837        0.168      754        590        2484       0          0.561     
838        0.197      747        597        2402       0          0.556     
839        0.089      757        587        2545       0          0.563     
840        0.129      755        589        2548       0          0.562     
841        0.201      752        592        2481       0          0.560     
842        0.084      758        586        2521       0          0.564     
843        0.180      758        586        2482       0          0.564     
844        0.216      758        586        2523       0          0.564     
845        0.315      755        589        2535       0          0.562     
846        0.294      757        587        2551       0          0.563     
847        0.161      757        587        2440       0          0.563     
848        0.077      760        584        2464       0          0.565     
849        0.090      751        593        2397       0          0.559     
850        0.116      757        587        2464       0          0.563     
851        0.162      760        584        2439       0          0.565     
852        0.081      753        591        2353       0          0.560     
853        0.221      755        589        2519       0          0.562     
854        0.085      761        583        2413       0          0.566     
855        0.298      759        585        2489       0          0.565     
856        0.082      760        584        2479       0          0.565     
857        0.312      758        586        2499       0          0.564     
858        0.291      765        579        2486       0          0.569     
859        0.386      759        585        2440       0          0.565     
860        0.138      758        586        2470       0          0.564     
861        0.394      755        589        2402       0          0.562     
862        0.118      756        588        2380       0          0.562     
863        0.274      765        579        2445       0          0.569     
864        0.458      763        581        2489       0          0.568     
865        0.084      756        588        2462       0          0.562     
866        0.082      761        583        2406       0          0.566     
867        0.406      755        589        2459       0          0.562     
868        0.128      755        589        2456       0          0.562     
869        0.196      752        592        2430       0          0.560     
870        0.193      755        589        2476       0          0.562     
871        0.313      752        592        2367       0          0.560     
872        0.088      760        584        2451       0          0.565     
873        0.087      756        588        2386       0          0.562     
874        0.157      758        586        2416       0          0.564     
875        0.235      754        590        2449       0          0.561     
876        0.091      754        590        2456       0          0.561     
877        0.204      754        590        2442       0          0.561     
878        0.068      747        597        2429       0          0.556     
879        0.600      747        597        2417       0          0.556     
880        0.194      744        600        2352       0          0.554     
881        0.094      754        590        2366       0          0.561     
882        0.084      752        592        2464       0          0.560     
883        0.113      748        596        2487       0          0.557     
884        0.073      752        592        2450       0          0.560     
885        0.079      758        586        2493       0          0.564     
886        0.460      753        591        2470       0          0.560     
887        0.126      752        592        2483       0          0.560     
888        0.229      755        589        2460       0          0.562     
889        0.220      752        592        2475       0          0.560     
890        0.085      755        589        2428       0          0.562     
891        0.195      757        587        2417       0          0.563     
892        0.095      749        595        2391       0          0.557     
893        0.169      756        588        2413       0          0.562     
894        0.085      757        587        2456       0          0.563     
895        0.431      755        589        2477       0          0.562     
896        0.125      756        588        2483       0          0.562     
897        0.214      755        589        2461       0          0.562     
898        0.718      750        594        2407       0          0.558     
899        0.142      752        592        2414       0          0.560     
900        0.087      753        591        2391       0          0.560     
901        0.170      754        590        2441       0          0.561     
902        0.380      753        591        2485       0          0.560     
903        0.190      755        589        2437       0          0.562     
904        0.220      754        590        2416       0          0.561     
905        0.110      747        597        2440       0          0.556     
906        0.437      754        590        2418       0          0.561     
907        0.071      754        590        2416       0          0.561     
908        0.374      757        587        2456       0          0.563     
909        0.200      762        582        2453       0          0.567     
910        0.308      754        590        2421       0          0.561     
911        0.285      753        591        2407       0          0.560     
912        0.402      760        584        2404       0          0.565     
913        0.075      758        586        2387       0          0.564     
914        0.075      752        592        2354       0          0.560     
915        0.363      756        588        2414       0          0.562     
916        0.112      752        592        2380       0          0.560     
917        0.175      757        587        2400       0          0.563     
918        0.281      757        587        2429       0          0.563     
919        0.092      754        590        2431       0          0.561     
920        0.086      758        586        2452       0          0.564     
921        0.187      760        584        2412       0          0.565     
922        0.258      752        592        2439       0          0.560     
923        0.076      756        588        2419       0          0.562     
924        0.086      760        584        2407       0          0.565     
925        0.138      755        589        2402       0          0.562     
926        0.083      756        588        2414       0          0.562     
927        0.078      760        584        2440       0          0.565     
928        0.074      761        583        2420       0          0.566     
929        0.083      760        584        2423       0          0.565     
930        0.194      760        584        2473       0          0.565     
931        0.077      757        587        2417       0          0.563     
932        0.171      756        588        2419       0          0.562     
933        0.207      765        579        2421       0          0.569     
934        0.078      761        583        2408       0          0.566     
935        0.450      760        584        2414       0          0.565     
936        0.095      764        580        2419       0          0.568     
937        0.077      758        586        2418       0          0.564     
938        0.069      758        586        2382       0          0.564     
939        0.078      756        588        2404       0          0.562     
940        0.073      755        589        2466       0          0.562     
941        0.070      753        591        2428       0          0.560     
942        0.079      755        589        2425       0          0.562     
943        0.080      764        580        2445       0          0.568     
944        0.368      767        577        2471       0          0.571     
945        0.112      757        587        2404       0          0.563     
946        0.157      764        580        2415       0          0.568     
947        0.171      762        582        2420       0          0.567     
948        0.214      763        581        2418       0          0.568     
949        0.092      758        586        2409       0          0.564     
950        0.107      755        589        2415       0          0.562     
951        0.085      761        583        2447       0          0.566     
952        0.084      758        586        2453       0          0.564     
953        0.222      762        582        2402       0          0.567     
954        0.422      758        586        2435       0          0.564     
955        0.071      760        584        2472       0          0.565     
956        0.148      759        585        2428       0          0.565     
957        0.325      760        584        2391       0          0.565     
958        0.240      756        588        2370       0          0.562     
959        0.122      755        589        2383       0          0.562     
960        1.048      762        582        2438       0          0.567     
961        0.581      758        586        2394       0          0.564     
962        0.066      758        586        2383       0          0.564     
963        0.292      761        583        2416       0          0.566     
964        0.067      757        587        2455       0          0.563     
965        0.193      757        587        2442       0          0.563     
966        0.220      762        582        2439       0          0.567     
967        0.661      749        595        2381       0          0.557     
968        0.176      760        584        2433       0          0.565     
969        0.178      764        580        2448       0          0.568     
970        0.110      759        585        2418       0          0.565     
971        0.063      756        588        2391       0          0.562     
972        0.090      763        581        2432       0          0.568     
973        0.070      756        588        2365       0          0.562     
974        0.070      753        591        2437       0          0.560     
975        0.418      751        593        2419       0          0.559     
976        0.102      748        596        2396       0          0.557     
977        0.083      750        594        2424       0          0.558     
978        0.081      751        593        2466       0          0.559     
979        0.126      749        595        2377       0          0.557     
980        0.259      751        593        2405       0          0.559     
981        0.079      755        589        2441       0          0.562     
982        0.066      756        588        2433       0          0.562     
983        0.310      747        597        2405       0          0.556     
984        0.074      745        599        2410       0          0.554     
985        0.074      757        587        2436       0          0.563     
986        0.146      748        596        2402       0          0.557     
987        0.157      751        593        2492       0          0.559     
988        0.087      746        598        2414       0          0.555     
989        0.075      747        597        2438       0          0.556     
990        0.202      749        595        2420       0          0.557     
991        0.070      751        593        2465       0          0.559     
992        0.194      755        589        2474       0          0.562     
993        0.060      755        589        2494       0          0.562     
994        0.326      751        593        2493       0          0.559     
995        0.116      751        593        2438       0          0.559     
996        0.076      754        590        2495       0          0.561     
997        0.269      756        588        2457       0          0.562     
998        0.084      753        591        2465       0          0.560     
999        0.084      754        590        2445       0          0.561     
1000       0.092      759        585        2470       0          0.565     

Correct    798
Incorrect  546
Baseline   0.013     
Accuracy   0.594     

Model: /home/jupyter-nlp/Skripsi Daniel/NER Dataset/NER Model/Gold-standard Model/1000-05-106
Training data: /home/jupyter-nlp/Skripsi Daniel/NER Dataset/NER Model/Gold-standard Model/1000-05-106/training.jsonl
Evaluation data: /home/jupyter-nlp/Skripsi Daniel/NER Dataset/NER Model/Gold-standard Model/1000-05-106/evaluation.jsonl


real    744m55.324s
user    1488m5.002s
sys     1168m29.128s


Dataset            ner_id_train_1_dev
  Created            2019-06-02 12:33:48
  Description        None
  Author             Daniel_Chrisna_Danuega
  Annotations        2580
  Accept             2554
  Reject             3
  Ignore             23