
Loaded model id_ud-tag-dep-ner-1.0.0/
Using 20% of accept/reject examples (511) for evaluation
Using 100% of remaining examples (2230) for training
Dropout: 0.2  Batch size: 106  Iterations: 1000  


BEFORE     0.013     
Correct    17
Incorrect  1327
Entities   4773      
Unknown    4756      

         
#          LOSS       RIGHT      WRONG      ENTS       SKIP       ACCURACY  
01         4.330      310        1034       833        0          0.231     
02         3.681      470        874        1259       0          0.350     
03         3.486      534        810        1204       0          0.397     
04         2.042      599        745        1290       0          0.446     
05         4.222      653        691        1363       0          0.486     
06         1.915      675        669        1251       0          0.502     
07         3.766      695        649        1794       0          0.517     
08         2.708      722        622        1763       0          0.537     
09         1.941      759        585        2092       0          0.565     
10         3.697      781        563        2197       0          0.581     
11         1.504      782        562        2184       0          0.582     
12         2.605      788        556        2255       0          0.586     
13         1.129      787        557        2353       0          0.586     
14         1.407      806        538        2457       0          0.600     
15         1.585      796        548        2464       0          0.592     
16         1.441      787        557        2412       0          0.586     
17         1.500      799        545        2342       0          0.594     
18         2.214      797        547        2299       0          0.593     
19         2.109      792        552        2431       0          0.589     
20         0.814      800        544        2716       0          0.595     
21         2.495      793        551        2651       0          0.590     
22         0.978      804        540        2708       0          0.598     
23         1.399      810        534        2678       0          0.603     
24         0.704      803        541        2745       0          0.597     
25         5.873      809        535        2918       0          0.602     
26         0.447      797        547        2643       0          0.593     
27         1.169      804        540        2736       0          0.598     
28         0.352      817        527        2672       0          0.608     
29         0.293      806        538        2814       0          0.600     
30         0.677      801        543        2707       0          0.596     
31         0.328      808        536        2883       0          0.601     
32         0.678      797        547        2790       0          0.593     
33         0.314      800        544        3002       0          0.595     
34         0.307      804        540        2927       0          0.598     
35         0.453      801        543        2980       0          0.596     
36         0.343      801        543        3061       0          0.596     
37         0.217      793        551        2965       0          0.590     
38         1.017      795        549        2991       0          0.592     
39         0.482      796        548        2872       0          0.592     
40         0.242      802        542        2947       0          0.597     
41         0.721      796        548        2861       0          0.592     
42         0.236      797        547        3060       0          0.593     
43         0.467      799        545        2953       0          0.594     
44         0.239      788        556        2725       0          0.586     
45         0.524      801        543        3040       0          0.596     
46         0.411      799        545        2950       0          0.594     
47         0.289      804        540        3001       0          0.598     
48         1.162      805        539        3032       0          0.599     
49         0.375      801        543        3039       0          0.596     
50         0.186      805        539        2816       0          0.599     
51         0.204      808        536        2858       0          0.601     
52         0.147      806        538        2830       0          0.600     
53         0.139      807        537        2891       0          0.600     
54         0.299      800        544        2851       0          0.595     
55         0.267      795        549        2875       0          0.592     
56         0.305      800        544        2807       0          0.595     
57         0.237      800        544        2850       0          0.595     
58         0.569      802        542        2795       0          0.597     
59         0.202      808        536        2799       0          0.601     
60         1.660      800        544        2864       0          0.595     
61         0.306      803        541        3012       0          0.597     
62         0.216      799        545        3103       0          0.594     
63         0.298      804        540        3042       0          0.598     
64         0.341      811        533        2963       0          0.603     
65         0.155      801        543        2966       0          0.596     
66         0.116      798        546        2885       0          0.594     
67         0.123      801        543        2988       0          0.596     
68         0.225      805        539        2822       0          0.599     
69         0.197      805        539        2922       0          0.599     
70         0.178      803        541        3051       0          0.597     
71         1.030      803        541        2949       0          0.597     
72         0.302      793        551        2835       0          0.590     
73         0.112      801        543        2914       0          0.596     
74         0.256      799        545        2836       0          0.594     
75         0.227      803        541        3114       0          0.597     
76         0.971      802        542        2903       0          0.597     
77         0.190      797        547        2946       0          0.593     
78         0.745      799        545        3047       0          0.594     
79         0.122      792        552        2916       0          0.589     
80         0.657      785        559        2789       0          0.584     
81         0.230      804        540        3049       0          0.598     
82         0.134      803        541        2904       0          0.597     
83         0.091      799        545        2918       0          0.594     
84         0.182      799        545        2871       0          0.594     
85         0.578      793        551        2657       0          0.590     
86         0.128      798        546        2845       0          0.594     
87         0.204      788        556        2785       0          0.586     
88         0.242      793        551        2733       0          0.590     
89         0.334      801        543        2785       0          0.596     
90         0.310      792        552        2859       0          0.589     
91         0.155      796        548        2891       0          0.592     
92         0.163      809        535        2929       0          0.602     
93         0.609      801        543        3065       0          0.596     
94         0.215      801        543        3070       0          0.596     
95         0.123      799        545        2968       0          0.594     
96         0.095      795        549        2795       0          0.592     
97         0.211      795        549        2910       0          0.592     
98         0.100      791        553        2821       0          0.589     
99         0.095      797        547        2928       0          0.593     
100        0.300      792        552        2775       0          0.589     
101        0.102      799        545        2896       0          0.594     
102        0.079      798        546        2899       0          0.594     
103        0.087      792        552        2881       0          0.589     
104        0.212      793        551        2823       0          0.590     
105        0.418      789        555        2793       0          0.587     
106        0.216      792        552        2810       0          0.589     
107        0.149      796        548        2841       0          0.592     
108        0.543      796        548        3048       0          0.592     
109        0.074      795        549        2979       0          0.592     
110        0.142      787        557        2815       0          0.586     
111        0.090      790        554        2895       0          0.588     
112        0.113      793        551        3096       0          0.590     
113        0.743      795        549        3057       0          0.592     
114        0.085      793        551        2914       0          0.590     
115        0.194      789        555        2822       0          0.587     
116        0.082      793        551        3018       0          0.590     
117        0.122      785        559        3009       0          0.584     
118        0.463      791        553        3178       0          0.589     
119        0.090      791        553        3110       0          0.589     
120        0.081      804        540        3014       0          0.598     
121        0.093      795        549        3128       0          0.592     
122        0.434      801        543        3072       0          0.596     
123        0.078      795        549        3046       0          0.592     
124        0.070      796        548        2954       0          0.592     
125        0.078      787        557        2904       0          0.586     
126        0.087      780        564        3089       0          0.580     
127        2.092      783        561        2996       0          0.583     
128        0.074      782        562        2906       0          0.582     
129        0.073      792        552        2976       0          0.589     
130        0.076      786        558        2928       0          0.585     
131        0.081      797        547        3079       0          0.593     
132        0.069      797        547        3010       0          0.593     
133        0.068      793        551        2994       0          0.590     
134        0.158      794        550        2906       0          0.591     
135        0.055      796        548        2865       0          0.592     
136        0.073      796        548        2815       0          0.592     
137        0.068      792        552        2910       0          0.589     
138        0.831      788        556        2898       0          0.586     
139        0.161      791        553        3021       0          0.589     
140        0.067      796        548        3077       0          0.592     
141        0.114      788        556        2894       0          0.586     
142        0.092      792        552        3080       0          0.589     
143        0.060      792        552        2963       0          0.589     
144        0.090      786        558        3065       0          0.585     
145        0.190      795        549        2953       0          0.592     
146        0.267      796        548        2868       0          0.592     
147        0.375      792        552        2866       0          0.589     
148        0.313      791        553        2878       0          0.589     
149        0.049      784        560        2856       0          0.583     
150        0.053      782        562        2892       0          0.582     
151        0.057      777        567        2846       0          0.578     
152        0.165      781        563        3065       0          0.581     
153        0.067      788        556        2990       0          0.586     
154        0.148      786        558        2886       0          0.585     
155        0.066      788        556        3087       0          0.586     
156        0.051      790        554        2978       0          0.588     
157        0.059      794        550        2973       0          0.591     
158        0.060      783        561        3044       0          0.583     
159        0.061      791        553        2863       0          0.589     
160        0.071      788        556        2902       0          0.586     
161        0.205      799        545        2916       0          0.594     
162        0.166      796        548        2887       0          0.592     
163        0.051      797        547        2894       0          0.593     
164        0.052      802        542        2906       0          0.597     
165        0.342      794        550        3037       0          0.591     
166        0.113      790        554        2939       0          0.588     
167        0.229      792        552        2888       0          0.589     
168        0.082      782        562        2757       0          0.582     
169        0.153      786        558        2841       0          0.585     
170        0.062      786        558        2811       0          0.585     
171        0.073      794        550        2903       0          0.591     
172        0.064      792        552        2908       0          0.589     
173        0.065      789        555        2895       0          0.587     
174        0.061      784        560        3008       0          0.583     
175        0.061      784        560        2972       0          0.583     
176        0.254      781        563        2955       0          0.581     
177        0.186      788        556        3000       0          0.586     
178        0.058      787        557        2941       0          0.586     
179        0.172      780        564        2889       0          0.580     
180        0.043      787        557        2740       0          0.586     
181        0.093      790        554        2798       0          0.588     
182        0.050      794        550        2953       0          0.591     
183        0.168      793        551        2922       0          0.590     
184        0.052      795        549        2989       0          0.592     
185        0.066      793        551        2816       0          0.590     
186        0.062      790        554        2794       0          0.588     
187        0.062      792        552        2868       0          0.589     
188        0.097      796        548        2865       0          0.592     
189        0.052      797        547        2901       0          0.593     
190        0.059      794        550        2996       0          0.591     
191        0.065      798        546        3055       0          0.594     
192        0.087      792        552        2931       0          0.589     
193        0.049      780        564        2721       0          0.580     
194        0.159      790        554        2776       0          0.588     
195        0.055      787        557        2902       0          0.586     
196        0.122      790        554        2923       0          0.588     
197        0.179      791        553        2901       0          0.589     
198        0.049      789        555        2787       0          0.587     
199        0.091      795        549        2875       0          0.592     
200        0.047      801        543        3011       0          0.596     
201        0.047      797        547        2949       0          0.593     
202        0.089      803        541        2965       0          0.597     
203        0.048      791        553        2895       0          0.589     
204        0.055      801        543        3015       0          0.596     
205        0.080      797        547        2945       0          0.593     
206        1.482      800        544        2840       0          0.595     
207        0.151      798        546        2877       0          0.594     
208        0.559      804        540        2907       0          0.598     
209        0.066      796        548        2933       0          0.592     
210        0.075      797        547        2980       0          0.593     
211        0.201      802        542        2986       0          0.597     
212        0.052      796        548        3042       0          0.592     
213        0.076      793        551        2915       0          0.590     
214        0.059      790        554        2902       0          0.588     
215        0.171      790        554        2876       0          0.588     
216        0.054      789        555        2879       0          0.587     
217        0.045      788        556        2724       0          0.586     
218        0.047      793        551        2736       0          0.590     
219        0.045      786        558        2735       0          0.585     
220        0.065      781        563        2605       0          0.581     
221        0.405      791        553        2694       0          0.589     
222        0.060      787        557        2698       0          0.586     
223        0.052      795        549        2828       0          0.592     
224        0.048      799        545        2736       0          0.594     
225        0.050      792        552        2707       0          0.589     
226        0.169      789        555        2775       0          0.587     
227        0.049      795        549        2857       0          0.592     
228        0.092      797        547        2861       0          0.593     
229        0.045      796        548        2977       0          0.592     
230        0.048      790        554        2850       0          0.588     
231        0.102      789        555        2778       0          0.587     
232        0.199      795        549        3010       0          0.592     
233        0.052      800        544        3049       0          0.595     
234        0.165      798        546        3053       0          0.594     
235        0.066      796        548        3005       0          0.592     
236        0.040      795        549        3024       0          0.592     
237        0.040      790        554        3047       0          0.588     
238        0.043      794        550        3046       0          0.591     
239        0.237      795        549        3005       0          0.592     
240        0.190      797        547        2932       0          0.593     
241        0.042      799        545        2952       0          0.594     
242        0.056      790        554        2943       0          0.588     
243        0.254      796        548        3150       0          0.592     
244        0.052      792        552        3085       0          0.589     
245        0.047      788        556        3126       0          0.586     
246        0.066      789        555        3008       0          0.587     
247        0.084      787        557        2951       0          0.586     
248        0.057      788        556        2875       0          0.586     
249        0.179      788        556        3087       0          0.586     
250        0.061      788        556        3083       0          0.586     
251        0.050      785        559        2837       0          0.584     
252        0.059      789        555        2865       0          0.587     
253        0.086      796        548        2998       0          0.592     
254        0.054      798        546        3326       0          0.594     
255        0.181      791        553        3080       0          0.589     
256        0.052      794        550        3175       0          0.591     
257        0.176      795        549        3062       0          0.592     
258        0.056      797        547        2987       0          0.593     
259        0.048      796        548        2886       0          0.592     
260        0.211      799        545        2934       0          0.594     
261        0.054      790        554        2844       0          0.588     
262        0.059      799        545        3141       0          0.594     
263        0.087      795        549        3227       0          0.592     
264        0.173      801        543        2949       0          0.596     
265        0.053      800        544        2947       0          0.595     
266        0.047      802        542        2876       0          0.597     
267        0.126      798        546        2876       0          0.594     
268        0.069      801        543        2935       0          0.596     
269        0.081      796        548        2936       0          0.592     
270        0.065      791        553        2946       0          0.589     
271        0.146      801        543        3169       0          0.596     
272        0.164      795        549        2992       0          0.592     
273        0.172      799        545        3154       0          0.594     
274        0.048      792        552        2918       0          0.589     
275        0.074      790        554        2795       0          0.588     
276        0.049      791        553        2930       0          0.589     
277        0.261      791        553        2687       0          0.589     
278        0.049      795        549        2784       0          0.592     
279        0.109      786        558        2667       0          0.585     
280        0.065      783        561        2708       0          0.583     
281        0.048      792        552        2835       0          0.589     
282        0.058      790        554        2854       0          0.588     
283        0.063      788        556        2876       0          0.586     
284        0.047      800        544        2967       0          0.595     
285        0.042      800        544        2871       0          0.595     
286        0.044      793        551        2762       0          0.590     
287        0.068      797        547        2870       0          0.593     
288        0.043      795        549        3002       0          0.592     
289        0.077      787        557        2835       0          0.586     
290        0.056      782        562        2776       0          0.582     
291        0.060      796        548        2839       0          0.592     
292        0.063      782        562        2752       0          0.582     
293        0.051      788        556        2811       0          0.586     
294        0.226      792        552        2815       0          0.589     
295        0.045      794        550        2762       0          0.591     
296        0.102      804        540        3047       0          0.598     
297        0.054      804        540        3026       0          0.598     
298        0.114      805        539        3111       0          0.599     
299        0.218      793        551        2807       0          0.590     
300        0.141      804        540        2962       0          0.598     
301        0.050      801        543        2852       0          0.596     
302        0.156      801        543        2700       0          0.596     
303        0.166      806        538        2959       0          0.600     
304        0.069      802        542        2815       0          0.597     
305        0.043      795        549        2781       0          0.592     
306        0.053      797        547        2912       0          0.593     
307        0.053      811        533        3118       0          0.603     
308        0.054      798        546        2869       0          0.594     
309        0.053      798        546        2802       0          0.594     
310        0.050      801        543        2880       0          0.596     
311        0.037      801        543        2820       0          0.596     
312        0.036      808        536        2837       0          0.601     
313        0.033      800        544        2828       0          0.595     
314        0.038      800        544        2842       0          0.595     
315        0.052      803        541        2899       0          0.597     
316        0.052      795        549        2860       0          0.592     
317        0.069      796        548        2824       0          0.592     
318        0.042      790        554        2563       0          0.588     
319        0.039      793        551        2556       0          0.590     
320        0.071      801        543        2708       0          0.596     
321        0.186      795        549        2753       0          0.592     
322        0.228      802        542        2889       0          0.597     
323        0.043      796        548        2862       0          0.592     
324        0.043      799        545        2876       0          0.594     
325        0.037      793        551        2686       0          0.590     
326        0.182      794        550        2634       0          0.591     
327        0.029      796        548        2553       0          0.592     
328        0.074      793        551        2656       0          0.590     
329        0.048      800        544        2725       0          0.595     
330        0.040      793        551        2686       0          0.590     
331        0.046      796        548        2677       0          0.592     
332        0.034      808        536        2805       0          0.601     
333        0.086      803        541        2809       0          0.597     
334        0.062      803        541        2730       0          0.597     
335        0.256      803        541        2882       0          0.597     
336        0.082      802        542        2891       0          0.597     
337        0.137      793        551        2860       0          0.590     
338        0.100      799        545        2989       0          0.594     
339        0.661      797        547        2980       0          0.593     
340        0.051      804        540        3186       0          0.598     
341        0.027      794        550        2887       0          0.591     
342        0.055      798        546        2968       0          0.594     
343        0.410      791        553        2825       0          0.589     
344        0.041      804        540        3015       0          0.598     
345        0.159      806        538        3159       0          0.600     
346        0.140      804        540        3113       0          0.598     
347        0.051      802        542        2989       0          0.597     
348        0.140      795        549        2865       0          0.592     
349        0.038      794        550        2909       0          0.591     
350        0.177      797        547        2901       0          0.593     
351        0.086      800        544        2981       0          0.595     
352        0.076      808        536        2818       0          0.601     
353        0.051      808        536        3022       0          0.601     
354        0.055      805        539        2909       0          0.599     
355        0.039      797        547        2874       0          0.593     
356        0.159      806        538        2859       0          0.600     
357        0.039      810        534        3008       0          0.603     
358        0.041      807        537        2871       0          0.600     
359        0.060      808        536        2921       0          0.601     
360        0.042      809        535        2873       0          0.602     
361        0.045      806        538        2915       0          0.600     
362        0.049      803        541        2831       0          0.597     
363        0.041      799        545        2740       0          0.594     
364        0.049      806        538        2967       0          0.600     
365        0.043      801        543        2973       0          0.596     
366        0.079      808        536        2976       0          0.601     
367        0.034      808        536        2939       0          0.601     
368        0.080      799        545        2716       0          0.594     
369        0.119      798        546        2738       0          0.594     
370        0.034      803        541        2795       0          0.597     
371        0.040      809        535        2759       0          0.602     
372        0.134      811        533        2882       0          0.603     
373        0.043      807        537        2805       0          0.600     
374        0.046      798        546        2757       0          0.594     
375        0.044      789        555        2652       0          0.587     
376        0.038      797        547        2695       0          0.593     
377        0.043      794        550        2682       0          0.591     
378        0.037      795        549        2751       0          0.592     
379        0.033      798        546        2705       0          0.594     
380        0.161      787        557        2668       0          0.586     
381        0.064      792        552        2811       0          0.589     
382        0.048      800        544        2780       0          0.595     
383        0.031      800        544        2809       0          0.595     
384        0.029      798        546        2813       0          0.594     
385        0.032      791        553        2786       0          0.589     
386        0.042      786        558        2699       0          0.585     
387        0.059      795        549        2814       0          0.592     
388        0.053      798        546        2797       0          0.594     
389        0.167      796        548        2652       0          0.592     
390        0.035      797        547        2645       0          0.593     
391        0.127      802        542        2784       0          0.597     
392        0.029      801        543        2853       0          0.596     
393        0.218      797        547        2701       0          0.593     
394        0.124      799        545        2737       0          0.594     
395        0.180      801        543        2771       0          0.596     
396        0.045      801        543        2891       0          0.596     
397        0.036      803        541        2872       0          0.597     
398        0.037      797        547        2795       0          0.593     
399        0.158      797        547        2824       0          0.593     
400        0.039      795        549        2871       0          0.592     
401        0.074      797        547        2814       0          0.593     
402        0.127      797        547        2749       0          0.593     
403        0.166      801        543        2806       0          0.596     
404        0.379      798        546        2803       0          0.594     
405        0.236      790        554        2616       0          0.588     
406        0.039      792        552        2650       0          0.589     
407        0.046      790        554        2670       0          0.588     
408        3.882      786        558        2622       0          0.585     
409        0.038      791        553        2783       0          0.589     
410        0.037      787        557        2654       0          0.586     
411        0.033      799        545        2765       0          0.594     
412        0.031      789        555        2704       0          0.587     
413        0.028      795        549        2736       0          0.592     
414        0.027      791        553        2664       0          0.589     
415        0.023      788        556        2678       0          0.586     
416        0.030      795        549        2704       0          0.592     
417        0.027      792        552        2656       0          0.589     
418        0.032      792        552        2711       0          0.589     
419        0.036      793        551        2676       0          0.590     
420        0.088      789        555        2552       0          0.587     
421        0.037      787        557        2674       0          0.586     
422        0.034      794        550        2682       0          0.591     
423        0.031      795        549        2620       0          0.592     
424        0.041      797        547        2640       0          0.593     
425        0.120      797        547        2684       0          0.593     
426        0.067      794        550        2665       0          0.591     
427        0.042      795        549        2584       0          0.592     
428        0.038      797        547        2754       0          0.593     
429        0.038      795        549        2667       0          0.592     
430        0.149      799        545        2662       0          0.594     
431        0.059      798        546        2742       0          0.594     
432        0.059      806        538        2802       0          0.600     
433        0.035      802        542        2892       0          0.597     
434        0.046      802        542        2792       0          0.597     
435        0.034      799        545        2756       0          0.594     
436        0.039      802        542        2760       0          0.597     
437        0.045      797        547        2711       0          0.593     
438        0.038      802        542        2689       0          0.597     
439        0.029      803        541        2756       0          0.597     
440        0.038      809        535        2725       0          0.602     
441        0.225      802        542        2642       0          0.597     
442        0.027      801        543        2715       0          0.596     
443        0.030      809        535        2798       0          0.602     
444        0.070      801        543        2672       0          0.596     
445        0.136      808        536        2807       0          0.601     
446        0.025      808        536        2690       0          0.601     
447        0.034      810        534        2778       0          0.603     
448        0.025      807        537        2729       0          0.600     
449        0.110      806        538        2737       0          0.600     
450        1.859      807        537        2790       0          0.600     
451        0.097      808        536        2970       0          0.601     
452        0.027      805        539        2790       0          0.599     
453        0.029      802        542        2756       0          0.597     
454        0.030      803        541        2595       0          0.597     
455        0.025      809        535        2753       0          0.602     
456        0.085      811        533        2750       0          0.603     
457        0.044      808        536        2700       0          0.601     
458        0.036      803        541        2715       0          0.597     
459        0.029      803        541        2709       0          0.597     
460        0.149      796        548        2617       0          0.592     
461        0.029      801        543        2748       0          0.596     
462        0.033      796        548        2585       0          0.592     
463        0.040      797        547        2656       0          0.593     
464        0.218      807        537        2865       0          0.600     
465        0.037      811        533        2958       0          0.603     
466        0.036      808        536        2878       0          0.601     
467        0.029      805        539        2880       0          0.599     
468        0.034      805        539        2771       0          0.599     
469        0.215      811        533        2945       0          0.603     
470        0.055      812        532        2921       0          0.604     
471        0.048      809        535        2831       0          0.602     
472        0.142      810        534        2747       0          0.603     
473        0.053      812        532        2903       0          0.604     
474        0.031      807        537        2876       0          0.600     
475        0.055      805        539        2819       0          0.599     
476        0.191      802        542        2769       0          0.597     
477        0.080      806        538        2897       0          0.600     
478        0.037      805        539        2846       0          0.599     
479        0.031      808        536        2942       0          0.601     
480        0.133      803        541        2900       0          0.597     
481        0.030      803        541        2907       0          0.597     
482        0.038      808        536        2782       0          0.601     
483        0.029      803        541        2827       0          0.597     
484        0.022      805        539        2828       0          0.599     
485        0.039      804        540        2794       0          0.598     
486        0.027      800        544        2714       0          0.595     
487        0.028      803        541        2825       0          0.597     
488        0.032      800        544        2811       0          0.595     
489        0.038      806        538        2881       0          0.600     
490        0.145      807        537        2841       0          0.600     
491        0.126      807        537        2899       0          0.600     
492        0.034      800        544        2723       0          0.595     
493        0.030      800        544        2792       0          0.595     
494        0.209      801        543        2785       0          0.596     
495        0.057      799        545        2749       0          0.594     
496        0.036      799        545        2688       0          0.594     
497        0.960      795        549        2622       0          0.592     
498        0.044      799        545        2720       0          0.594     
499        0.072      797        547        2708       0          0.593     
500        0.039      799        545        2708       0          0.594     
501        0.044      805        539        2874       0          0.599     
502        0.177      805        539        2880       0          0.599     
503        0.037      801        543        2792       0          0.596     
504        0.032      797        547        2712       0          0.593     
505        0.031      792        552        2682       0          0.589     
506        0.030      797        547        2725       0          0.593     
507        0.028      802        542        2786       0          0.597     
508        0.027      800        544        2652       0          0.595     
509        0.147      802        542        2586       0          0.597     
510        0.159      803        541        2805       0          0.597     
511        0.072      806        538        2711       0          0.600     
512        0.189      799        545        2663       0          0.594     
513        0.039      800        544        2696       0          0.595     
514        0.116      798        546        2735       0          0.594     
515        0.057      799        545        2686       0          0.594     
516        0.055      806        538        2858       0          0.600     
517        0.229      805        539        2781       0          0.599     
518        0.032      799        545        2755       0          0.594     
519        0.037      797        547        2731       0          0.593     
520        0.043      798        546        2691       0          0.594     
521        0.154      794        550        2681       0          0.591     
522        0.107      798        546        2686       0          0.594     
523        0.125      797        547        2693       0          0.593     
524        0.034      801        543        2669       0          0.596     
525        0.026      803        541        2654       0          0.597     
526        0.089      802        542        2654       0          0.597     
527        0.083      809        535        2656       0          0.602     
528        0.091      813        531        2688       0          0.605     
529        0.063      806        538        2621       0          0.600     
530        0.031      807        537        2715       0          0.600     
531        0.026      803        541        2695       0          0.597     
532        0.030      803        541        2719       0          0.597     
533        0.050      801        543        2768       0          0.596     
534        0.108      804        540        2673       0          0.598     
535        0.041      801        543        2689       0          0.596     
536        0.043      800        544        2721       0          0.595     
537        0.034      798        546        2693       0          0.594     
538        0.033      799        545        2700       0          0.594     
539        0.035      801        543        2626       0          0.596     
540        0.029      798        546        2639       0          0.594     
541        0.290      804        540        2687       0          0.598     
542        0.030      807        537        2736       0          0.600     
543        0.036      799        545        2698       0          0.594     
544        0.032      797        547        2651       0          0.593     
545        0.027      797        547        2599       0          0.593     
546        0.034      799        545        2617       0          0.594     
547        0.027      802        542        2735       0          0.597     
548        0.037      798        546        2750       0          0.594     
549        0.040      798        546        2687       0          0.594     
550        0.039      802        542        2820       0          0.597     
551        0.055      806        538        2756       0          0.600     
552        0.029      796        548        2715       0          0.592     
553        0.036      795        549        2754       0          0.592     
554        0.036      796        548        2733       0          0.592     
555        0.094      797        547        2762       0          0.593     
556        0.108      796        548        2705       0          0.592     
557        0.034      800        544        2692       0          0.595     
558        0.039      802        542        2662       0          0.597     
559        0.037      805        539        2854       0          0.599     
560        0.031      801        543        2739       0          0.596     
561        0.230      800        544        2756       0          0.595     
562        0.045      801        543        2850       0          0.596     
563        0.038      804        540        2778       0          0.598     
564        0.030      800        544        2755       0          0.595     
565        0.036      803        541        2785       0          0.597     
566        0.049      802        542        2763       0          0.597     
567        0.046      802        542        2745       0          0.597     
568        0.271      798        546        2781       0          0.594     
569        0.265      795        549        2739       0          0.592     
570        0.025      798        546        2800       0          0.594     
571        0.045      796        548        2726       0          0.592     
572        0.079      798        546        2741       0          0.594     
573        0.279      800        544        2752       0          0.595     
574        0.108      798        546        2791       0          0.594     
575        0.120      795        549        2664       0          0.592     
576        0.092      799        545        2764       0          0.594     
577        0.031      797        547        2773       0          0.593     
578        0.033      800        544        2778       0          0.595     
579        0.032      803        541        2853       0          0.597     
580        0.025      803        541        2999       0          0.597     
581        0.060      796        548        2757       0          0.592     
582        0.144      802        542        2864       0          0.597     
583        0.031      793        551        2678       0          0.590     
584        0.023      793        551        2821       0          0.590     
585        0.031      792        552        2817       0          0.589     
586        0.025      796        548        2846       0          0.592     
587        0.027      798        546        2901       0          0.594     
588        0.029      796        548        2843       0          0.592     
589        0.027      798        546        2657       0          0.594     
590        0.028      794        550        2641       0          0.591     
591        0.031      795        549        2795       0          0.592     
592        0.057      796        548        2725       0          0.592     
593        0.024      800        544        2730       0          0.595     
594        0.165      798        546        2721       0          0.594     
595        0.030      797        547        2699       0          0.593     
596        0.109      799        545        2686       0          0.594     
597        0.049      801        543        2675       0          0.596     
598        0.158      799        545        2692       0          0.594     
599        0.319      801        543        2582       0          0.596     
600        0.039      801        543        2706       0          0.596     
601        0.043      799        545        2624       0          0.594     
602        0.042      802        542        2705       0          0.597     
603        0.052      801        543        2842       0          0.596     
604        0.045      803        541        2916       0          0.597     
605        0.179      808        536        2911       0          0.601     
606        0.051      806        538        2830       0          0.600     
607        0.030      804        540        2868       0          0.598     
608        0.029      797        547        2750       0          0.593     
609        0.029      800        544        2778       0          0.595     
610        0.027      799        545        2798       0          0.594     
611        0.026      797        547        2804       0          0.593     
612        0.024      795        549        2765       0          0.592     
613        0.027      790        554        2786       0          0.588     
614        0.029      796        548        2852       0          0.592     
615        0.020      799        545        2784       0          0.594     
616        0.178      797        547        2840       0          0.593     
617        0.175      795        549        2834       0          0.592     
618        0.051      798        546        2930       0          0.594     
619        0.041      806        538        2978       0          0.600     
620        0.038      793        551        2862       0          0.590     
621        0.037      793        551        2799       0          0.590     
622        0.422      800        544        2932       0          0.595     
623        0.051      797        547        2860       0          0.593     
624        0.027      806        538        2915       0          0.600     
625        0.033      798        546        2788       0          0.594     
626        0.026      799        545        2813       0          0.594     
627        0.025      800        544        2911       0          0.595     
628        0.028      787        557        2753       0          0.586     
629        0.063      796        548        2757       0          0.592     
630        0.029      801        543        2773       0          0.596     
631        0.030      799        545        2762       0          0.594     
632        0.031      799        545        2809       0          0.594     
633        0.045      796        548        2825       0          0.592     
634        0.029      799        545        2830       0          0.594     
635        0.035      805        539        2958       0          0.599     
636        0.036      803        541        2958       0          0.597     
637        0.129      803        541        2903       0          0.597     
638        0.456      799        545        2827       0          0.594     
639        0.045      805        539        2838       0          0.599     
640        0.024      799        545        2720       0          0.594     
641        0.295      797        547        2784       0          0.593     
642        0.039      798        546        2822       0          0.594     
643        0.048      800        544        2693       0          0.595     
644        0.109      801        543        2886       0          0.596     
645        0.045      803        541        2939       0          0.597     
646        0.076      800        544        2837       0          0.595     
647        0.044      807        537        2894       0          0.600     
648        0.037      801        543        2928       0          0.596     
649        0.039      803        541        2915       0          0.597     
650        0.280      798        546        2844       0          0.594     
651        0.030      800        544        2884       0          0.595     
652        0.112      797        547        2839       0          0.593     
653        0.118      801        543        2838       0          0.596     
654        0.037      796        548        2697       0          0.592     
655        0.023      801        543        2806       0          0.596     
656        0.036      803        541        2879       0          0.597     
657        0.040      798        546        2748       0          0.594     
658        0.026      800        544        2810       0          0.595     
659        0.032      798        546        2831       0          0.594     
660        0.036      807        537        2868       0          0.600     
661        0.063      801        543        2909       0          0.596     
662        0.156      804        540        2912       0          0.598     
663        0.037      808        536        2935       0          0.601     
664        0.025      808        536        2935       0          0.601     
665        0.028      806        538        2858       0          0.600     
666        0.021      798        546        2752       0          0.594     
667        0.022      806        538        2758       0          0.600     
668        0.042      800        544        2779       0          0.595     
669        0.026      803        541        2695       0          0.597     
670        0.186      803        541        2727       0          0.597     
671        0.037      798        546        2697       0          0.594     
672        0.028      800        544        2662       0          0.595     
673        0.033      799        545        2649       0          0.594     
674        0.033      801        543        2659       0          0.596     
675        0.165      797        547        2614       0          0.593     
676        0.040      798        546        2718       0          0.594     
677        0.050      800        544        2725       0          0.595     
678        0.048      803        541        2725       0          0.597     
679        0.038      805        539        2770       0          0.599     
680        0.036      798        546        2738       0          0.594     
681        0.092      799        545        2714       0          0.594     
682        0.040      799        545        2759       0          0.594     
683        0.025      794        550        2687       0          0.591     
684        0.094      797        547        2688       0          0.593     
685        0.029      795        549        2618       0          0.592     
686        0.034      790        554        2609       0          0.588     
687        0.036      790        554        2689       0          0.588     
688        0.107      792        552        2670       0          0.589     
689        0.071      791        553        2728       0          0.589     
690        0.038      795        549        2697       0          0.592     
691        0.036      796        548        2715       0          0.592     
692        0.110      793        551        2678       0          0.590     
693        0.040      789        555        2647       0          0.587     
694        0.038      791        553        2650       0          0.589     
695        0.039      789        555        2615       0          0.587     
696        0.145      789        555        2684       0          0.587     
697        0.054      799        545        2827       0          0.594     
698        0.049      793        551        2699       0          0.590     
699        0.033      800        544        2812       0          0.595     
700        0.032      796        548        2856       0          0.592     
701        0.030      791        553        2674       0          0.589     
702        0.033      792        552        2789       0          0.589     
703        0.082      802        542        2873       0          0.597     
704        0.038      795        549        2804       0          0.592     
705        0.035      794        550        2708       0          0.591     
706        0.034      797        547        2736       0          0.593     
707        0.029      792        552        2762       0          0.589     
708        0.026      793        551        2744       0          0.590     
709        0.120      794        550        2772       0          0.591     
710        0.038      794        550        2781       0          0.591     
711        0.048      795        549        2635       0          0.592     
712        0.465      797        547        2723       0          0.593     
713        0.057      791        553        2636       0          0.589     
714        0.035      791        553        2675       0          0.589     
715        0.069      792        552        2723       0          0.589     
716        0.037      787        557        2652       0          0.586     
717        0.131      792        552        2712       0          0.589     
718        0.030      790        554        2796       0          0.588     
719        0.034      789        555        2665       0          0.587     
720        0.036      792        552        2751       0          0.589     
721        0.036      792        552        2750       0          0.589     
722        0.119      793        551        2742       0          0.590     
723        0.022      793        551        2696       0          0.590     
724        0.034      792        552        2730       0          0.589     
725        0.024      790        554        2763       0          0.588     
726        0.084      795        549        2756       0          0.592     
727        0.127      798        546        2754       0          0.594     
728        0.027      799        545        2768       0          0.594     
729        0.046      794        550        2750       0          0.591     
730        0.030      799        545        2914       0          0.594     
731        0.025      795        549        2814       0          0.592     
732        0.029      791        553        2765       0          0.589     
733        0.025      799        545        2894       0          0.594     
734        0.027      796        548        2806       0          0.592     
735        0.029      800        544        2929       0          0.595     
736        0.027      798        546        2858       0          0.594     
737        0.033      799        545        2845       0          0.594     
738        0.088      794        550        2828       0          0.591     
739        0.155      799        545        2782       0          0.594     
740        0.041      794        550        2829       0          0.591     
741        0.210      789        555        2826       0          0.587     
742        0.032      798        546        2954       0          0.594     
743        0.029      802        542        2948       0          0.597     
744        0.028      796        548        2810       0          0.592     
745        0.032      795        549        2799       0          0.592     
746        0.028      792        552        2774       0          0.589     
747        0.023      796        548        2679       0          0.592     
748        0.056      793        551        2750       0          0.590     
749        0.058      790        554        2695       0          0.588     
750        0.027      795        549        2744       0          0.592     
751        0.089      796        548        2759       0          0.592     
752        0.025      795        549        2759       0          0.592     
753        0.030      792        552        2674       0          0.589     
754        0.029      791        553        2749       0          0.589     
755        0.031      788        556        2686       0          0.586     
756        0.126      791        553        2738       0          0.589     
757        0.093      796        548        2847       0          0.592     
758        0.027      792        552        2786       0          0.589     
759        0.152      790        554        2822       0          0.588     
760        0.026      790        554        2689       0          0.588     
761        0.216      789        555        2714       0          0.587     
762        0.033      796        548        2806       0          0.592     
763        0.029      790        554        2718       0          0.588     
764        0.031      796        548        2878       0          0.592     
765        0.024      796        548        2797       0          0.592     
766        0.046      799        545        2871       0          0.594     
767        0.047      796        548        2951       0          0.592     
768        0.033      802        542        2881       0          0.597     
769        0.037      807        537        3106       0          0.600     
770        0.032      805        539        3085       0          0.599     
771        0.082      802        542        2842       0          0.597     
772        0.023      804        540        2960       0          0.598     
773        0.028      798        546        2889       0          0.594     
774        0.096      800        544        2866       0          0.595     
775        0.023      797        547        2783       0          0.593     
776        0.047      804        540        2952       0          0.598     
777        0.179      802        542        2909       0          0.597     
778        0.029      802        542        2836       0          0.597     
779        0.033      804        540        2841       0          0.598     
780        0.030      803        541        2756       0          0.597     
781        0.031      805        539        2909       0          0.599     
782        0.178      801        543        2928       0          0.596     
783        0.029      795        549        2877       0          0.592     
784        0.033      797        547        2872       0          0.593     
785        0.022      796        548        2890       0          0.592     
786        0.029      801        543        2904       0          0.596     
787        0.020      802        542        2858       0          0.597     
788        0.020      798        546        2854       0          0.594     
789        0.026      802        542        2915       0          0.597     
790        0.026      796        548        2886       0          0.592     
791        0.029      798        546        2860       0          0.594     
792        0.071      797        547        2805       0          0.593     
793        0.029      808        536        2826       0          0.601     
794        0.024      803        541        2798       0          0.597     
795        0.196      804        540        2734       0          0.598     
796        0.121      802        542        2819       0          0.597     
797        0.024      806        538        2871       0          0.600     
798        0.022      790        554        2818       0          0.588     
799        0.029      792        552        2798       0          0.589     
800        0.025      804        540        2860       0          0.598     
801        0.121      799        545        2849       0          0.594     
802        0.028      804        540        2886       0          0.598     
803        0.029      799        545        2861       0          0.594     
804        0.026      795        549        2878       0          0.592     
805        0.026      801        543        2887       0          0.596     
806        0.049      797        547        2829       0          0.593     
807        0.053      794        550        2821       0          0.591     
808        0.220      793        551        2751       0          0.590     
809        0.050      795        549        2827       0          0.592     
810        0.034      800        544        2887       0          0.595     
811        0.033      802        542        2886       0          0.597     
812        0.048      801        543        2969       0          0.596     
813        0.136      810        534        3025       0          0.603     
814        0.027      813        531        2994       0          0.605     
815        0.047      807        537        2936       0          0.600     
816        0.030      802        542        2928       0          0.597     
817        0.026      809        535        2892       0          0.602     
818        0.037      801        543        3002       0          0.596     
819        0.033      803        541        2982       0          0.597     
820        0.034      811        533        3135       0          0.603     
821        0.331      808        536        2996       0          0.601     
822        0.030      806        538        3121       0          0.600     
823        0.032      805        539        2956       0          0.599     
824        0.050      808        536        2982       0          0.601     
825        0.037      801        543        2815       0          0.596     
826        0.048      806        538        2864       0          0.600     
827        1.572      801        543        2912       0          0.596     
828        0.035      804        540        2911       0          0.598     
829        0.020      806        538        2916       0          0.600     
830        0.022      804        540        2858       0          0.598     
831        0.031      810        534        3040       0          0.603     
832        0.153      802        542        2900       0          0.597     
833        0.028      802        542        2862       0          0.597     
834        0.031      804        540        2880       0          0.598     
835        0.022      803        541        2964       0          0.597     
836        0.019      803        541        2902       0          0.597     
837        0.070      805        539        2835       0          0.599     
838        0.030      804        540        2773       0          0.598     
839        0.033      806        538        2936       0          0.600     
840        0.029      804        540        2894       0          0.598     
841        0.028      806        538        2853       0          0.600     
842        0.130      801        543        2814       0          0.596     
843        0.039      806        538        2809       0          0.600     
844        0.029      805        539        2893       0          0.599     
845        0.073      807        537        2897       0          0.600     
846        0.153      807        537        2822       0          0.600     
847        0.039      805        539        3033       0          0.599     
848        0.034      805        539        3016       0          0.599     
849        0.030      808        536        2967       0          0.601     
850        0.039      803        541        2811       0          0.597     
851        0.037      805        539        2848       0          0.599     
852        0.118      807        537        2956       0          0.600     
853        0.047      798        546        2928       0          0.594     
854        0.030      803        541        2962       0          0.597     
855        0.035      806        538        2991       0          0.600     
856        0.172      799        545        2803       0          0.594     
857        0.032      805        539        2819       0          0.599     
858        0.039      809        535        2840       0          0.602     
859        0.031      812        532        2851       0          0.604     
860        0.068      810        534        2877       0          0.603     
861        0.104      807        537        2790       0          0.600     
862        0.028      803        541        2792       0          0.597     
863        0.084      806        538        2887       0          0.600     
864        0.086      799        545        2805       0          0.594     
865        0.027      804        540        2882       0          0.598     
866        0.027      795        549        2759       0          0.592     
867        0.075      799        545        2803       0          0.594     
868        0.033      800        544        2946       0          0.595     
869        0.082      799        545        2876       0          0.594     
870        1.176      802        542        2892       0          0.597     
871        0.037      796        548        2905       0          0.592     
872        0.087      805        539        2979       0          0.599     
873        0.022      797        547        2865       0          0.593     
874        0.103      803        541        2917       0          0.597     
875        1.847      800        544        2896       0          0.595     
876        0.035      801        543        2873       0          0.596     
877        0.026      795        549        2775       0          0.592     
878        0.024      799        545        2855       0          0.594     
879        0.027      792        552        2772       0          0.589     
880        0.023      797        547        2768       0          0.593     
881        0.150      795        549        2705       0          0.592     
882        0.023      793        551        2716       0          0.590     
883        0.021      790        554        2701       0          0.588     
884        0.018      790        554        2725       0          0.588     
885        0.021      791        553        2725       0          0.589     
886        0.059      794        550        2738       0          0.591     
887        0.062      789        555        2731       0          0.587     
888        0.027      790        554        2728       0          0.588     
889        0.129      791        553        2737       0          0.589     
890        0.029      789        555        2607       0          0.587     
891        0.023      792        552        2746       0          0.589     
892        0.024      792        552        2722       0          0.589     
893        0.050      796        548        2657       0          0.592     
894        0.022      803        541        2852       0          0.597     
895        0.080      797        547        2699       0          0.593     
896        0.026      797        547        2660       0          0.593     
897        0.314      799        545        2723       0          0.594     
898        0.033      805        539        2736       0          0.599     
899        0.024      806        538        2721       0          0.600     
900        0.023      802        542        2694       0          0.597     
901        0.733      799        545        2687       0          0.594     
902        0.028      801        543        2649       0          0.596     
903        0.024      802        542        2730       0          0.597     
904        0.030      800        544        2712       0          0.595     
905        0.020      799        545        2715       0          0.594     
906        0.020      800        544        2731       0          0.595     
907        0.015      796        548        2682       0          0.592     
908        0.031      792        552        2712       0          0.589     
909        0.027      801        543        2728       0          0.596     
910        0.013      801        543        2727       0          0.596     
911        0.013      797        547        2708       0          0.593     
912        0.035      801        543        2692       0          0.596     
913        0.019      800        544        2766       0          0.595     
914        0.017      794        550        2730       0          0.591     
915        0.147      800        544        2697       0          0.595     
916        0.077      795        549        2785       0          0.592     
917        0.020      798        546        2733       0          0.594     
918        0.018      795        549        2832       0          0.592     
919        0.016      800        544        2759       0          0.595     
920        0.021      802        542        2802       0          0.597     
921        0.028      800        544        2875       0          0.595     
922        0.033      802        542        2926       0          0.597     
923        0.021      807        537        2907       0          0.600     
924        0.022      803        541        2800       0          0.597     
925        0.066      798        546        2796       0          0.594     
926        0.018      797        547        2761       0          0.593     
927        0.018      795        549        2865       0          0.592     
928        0.017      793        551        2743       0          0.590     
929        0.059      793        551        2778       0          0.590     
930        0.015      792        552        2768       0          0.589     
931        0.138      792        552        2806       0          0.589     
932        0.017      794        550        2851       0          0.591     
933        0.026      795        549        2845       0          0.592     
934        0.017      795        549        2869       0          0.592     
935        0.030      798        546        2940       0          0.594     
936        0.050      794        550        2850       0          0.591     
937        0.020      792        552        2822       0          0.589     
938        0.026      800        544        2893       0          0.595     
939        0.022      795        549        2809       0          0.592     
940        0.021      794        550        2791       0          0.591     
941        0.023      801        543        2916       0          0.596     
942        0.025      801        543        2837       0          0.596     
943        0.026      806        538        2905       0          0.600     
944        0.211      798        546        2905       0          0.594     
945        0.028      797        547        2873       0          0.593     
946        0.043      797        547        2807       0          0.593     
947        0.164      796        548        2788       0          0.592     
948        0.108      795        549        2841       0          0.592     
949        0.035      798        546        2835       0          0.594     
950        0.030      804        540        2689       0          0.598     
951        0.054      801        543        2755       0          0.596     
952        0.085      803        541        2812       0          0.597     
953        0.127      802        542        2989       0          0.597     
954        0.156      807        537        2980       0          0.600     
955        0.030      804        540        2935       0          0.598     
956        0.127      799        545        2933       0          0.594     
957        0.029      800        544        2799       0          0.595     
958        0.048      800        544        2699       0          0.595     
959        0.050      798        546        2669       0          0.594     
960        0.026      800        544        2674       0          0.595     
961        0.099      803        541        2743       0          0.597     
962        0.025      804        540        2578       0          0.598     
963        0.021      804        540        2618       0          0.598     
964        0.019      800        544        2662       0          0.595     
965        0.021      804        540        2650       0          0.598     
966        0.093      799        545        2635       0          0.594     
967        0.021      803        541        2660       0          0.597     
968        0.035      798        546        2698       0          0.594     
969        0.142      802        542        2697       0          0.597     
970        0.053      800        544        2730       0          0.595     
971        0.097      808        536        2856       0          0.601     
972        0.022      807        537        2794       0          0.600     
973        0.019      800        544        2877       0          0.595     
974        0.050      805        539        2878       0          0.599     
975        0.155      805        539        2935       0          0.599     
976        0.047      801        543        3040       0          0.596     
977        0.281      805        539        3022       0          0.599     
978        0.026      801        543        3035       0          0.596     
979        0.019      804        540        3117       0          0.598     
980        0.024      802        542        3023       0          0.597     
981        0.017      800        544        2929       0          0.595     
982        0.014      800        544        2842       0          0.595     
983        0.028      800        544        2777       0          0.595     
984        0.021      804        540        2857       0          0.598     
985        0.015      800        544        2782       0          0.595     
986        0.019      807        537        2823       0          0.600     
987        0.058      800        544        2869       0          0.595     
988        0.025      805        539        2857       0          0.599     
989        0.016      802        542        2922       0          0.597     
990        0.152      802        542        2860       0          0.597     
991        0.016      805        539        2848       0          0.599     
992        0.020      803        541        2887       0          0.597     
993        0.019      805        539        2826       0          0.599     
994        0.025      800        544        2916       0          0.595     
995        0.015      798        546        2893       0          0.594     
996        0.015      795        549        2826       0          0.592     
997        0.015      797        547        2786       0          0.593     
998        0.021      794        550        2691       0          0.591     
999        0.017      792        552        2826       0          0.589     
1000       0.014      804        540        2832       0          0.598     

Correct    817
Incorrect  527
Baseline   0.013     
Accuracy   0.608     

Model: /home/jupyter-nlp/Skripsi Daniel/NER Dataset/NER Model/Gold-standard Model/1000-02-106
Training data: /home/jupyter-nlp/Skripsi Daniel/NER Dataset/NER Model/Gold-standard Model/1000-02-106/training.jsonl
Evaluation data: /home/jupyter-nlp/Skripsi Daniel/NER Dataset/NER Model/Gold-standard Model/1000-02-106/evaluation.jsonl


real    502m1.785s
user    1480m57.735s
sys     1162m31.460s


Dataset            ner_id_train_1_dev
  Created            2019-06-02 12:33:48
  Description        None
  Author             Daniel_Chrisna_Danuega
  Annotations        2580
  Accept             2554
  Reject             3
  Ignore             23