time spacy train id default/ id_gsd-ud-train.json id_gsd-ud-dev.json --pipeline "tagger,parser" --n-iter 1000 -ne 10 --use-gpu 0 >> INFO-default.txt

Training pipeline: ['tagger', 'parser']
Starting with blank model 'id'
Counting training words (limit=0)

Itn    Dep Loss    NER Loss      UAS    NER P    NER R    NER F    Tag %  Token %  CPU WPS  GPU WPS
---  ----------  ----------  -------  -------  -------  -------  -------  -------  -------  -------
  0   84368.096       0.000   77.901    0.000    0.000    0.000   87.198   99.342    13489    13097
  1   69259.750       0.000   80.695    0.000    0.000    0.000   89.099   99.342    13591    13557
  2   66815.137       0.000   81.664    0.000    0.000    0.000   90.237   99.342    13582    13539
  3   63971.503       0.000   82.273    0.000    0.000    0.000   90.913   99.342    13596    13540
  4   62725.280       0.000   82.292    0.000    0.000    0.000   91.334   99.342    13490    13589
  5   61625.581       0.000   82.513    0.000    0.000    0.000   91.700   99.342    13560    13642
  6   60976.845       0.000   82.750    0.000    0.000    0.000   91.851   99.342    13576    13617
  7   58244.666       0.000   82.825    0.000    0.000    0.000   92.058   99.342    13611    13604
  8   57804.707       0.000   82.994    0.000    0.000    0.000   92.177   99.342    13603    13620
  9   57060.068       0.000   83.088    0.000    0.000    0.000   92.225   99.342    13611    13557
 10   55230.390       0.000   82.808    0.000    0.000    0.000   92.424   99.342    13656    13554
 11   53629.790       0.000   82.933    0.000    0.000    0.000   92.567   99.342    13616    13633
 12   52478.138       0.000   82.951    0.000    0.000    0.000   92.599   99.342    13577    13574
 13   51237.038       0.000   83.047    0.000    0.000    0.000   92.686   99.342    13598    13606
 14   51246.763       0.000   83.043    0.000    0.000    0.000   92.686   99.342    13559    13568
 15   49846.554       0.000   83.235    0.000    0.000    0.000   92.822   99.342    13591    13570
 16   49337.982       0.000   83.009    0.000    0.000    0.000   92.798   99.342    13591    13560
 17   47829.457       0.000   82.915    0.000    0.000    0.000   92.806   99.342    13604    13554
 18   46426.304       0.000   82.859    0.000    0.000    0.000   92.782   99.342    13528    13600
 19   45671.756       0.000   82.733    0.000    0.000    0.000   92.734   99.342    13576    13501
 20   44932.300       0.000   82.831    0.000    0.000    0.000   92.671   99.342    13501    13541
 21   43588.506       0.000   82.778    0.000    0.000    0.000   92.726   99.342    13559    13511
 22   42807.843       0.000   82.666    0.000    0.000    0.000   92.766   99.342    13548    13584
 23   41872.232       0.000   82.626    0.000    0.000    0.000   92.798   99.342    13478    13610
 24   41302.040       0.000   82.576    0.000    0.000    0.000   92.838   99.342    13530    13579
 25   40343.200       0.000   82.356    0.000    0.000    0.000   92.822   99.342    13514    13452
Early stopping, best iteration is: 15
Best score = 86.03935111919571; Final iteration score = 85.63732362348628
✔ Saved model to output directory
default/model-final

⠙ Creating best model...
✔ Created best model
default/model-best


real    15m2.423s
user    15m0.102s
sys     0m2.849s


spacy evaluate default/id_ud-tag-dep-ner-1.0.0/id_ud-tag-dep-ner/id_ud-tag-dep-ner-1.0.0/ id_gsd-ud-test.json --displacy-path default/ --gpu-id 0


Results 

Time      0.93 s
Words     11776
Words/s   12648
TOK       99.44
POS       92.64
UAS       83.24
LAS       74.99
NER P     0.00
NER R     0.00
NER F     0.00