dropout_from=0.2 dropout_to=0.5 dropout_decay=0.1 batch_to=100 timespacy train id dropout-batchsize-dynamics/ id_gsd-ud-train.json id_gsd-ud-dev.json --pipeline "tagger,parser" --n-iter1000 -ne 10 --use-gpu 0 >> INFO-dbd.txt

Training pipeline: ['tagger', 'parser']
Starting with blank model 'id'
Counting training words (limit=0)

Itn    Dep Loss    NER Loss      UAS    NER P    NER R    NER F    Tag %  Token %  CPU WPS  GPU WPS
---  ----------  ----------  -------  -------  -------  -------  -------  -------  -------  -------
  0  101333.160       0.000   73.464    0.000    0.000    0.000   83.945   99.342    13652    13566
  1   81775.312       0.000   77.249    0.000    0.000    0.000   86.371   99.342    13693    13677
  2   74411.809       0.000   78.932    0.000    0.000    0.000   87.707   99.342    13681    13639
  3   69883.999       0.000   79.748    0.000    0.000    0.000   88.383   99.342    13683    13638
  4   67617.080       0.000   80.203    0.000    0.000    0.000   89.052   99.342    13624    13653
  5   65645.410       0.000   80.810    0.000    0.000    0.000   89.370   99.342    13607    13572
  6   63689.122       0.000   80.763    0.000    0.000    0.000   89.696   99.342    13646    13618
  7   61660.549       0.000   81.163    0.000    0.000    0.000   89.966   99.342    13656    13314
  8   60134.035       0.000   81.392    0.000    0.000    0.000   90.101   99.342    13589    13652
  9   59447.360       0.000   81.533    0.000    0.000    0.000   90.284   99.342    13619    13623
 10   58888.480       0.000   81.509    0.000    0.000    0.000   90.531   99.342    13653    13649
 11   57878.212       0.000   82.074    0.000    0.000    0.000   90.634   99.342    13669    13627
 12   56809.763       0.000   82.342    0.000    0.000    0.000   90.913   99.342    13629    13612
 13   56406.445       0.000   82.190    0.000    0.000    0.000   91.127   99.342    13631    13602
 14   55350.400       0.000   81.992    0.000    0.000    0.000   91.342   99.342    13642    13569
 15   55414.622       0.000   82.211    0.000    0.000    0.000   91.374   99.342    13627    13617
 16   54396.452       0.000   82.112    0.000    0.000    0.000   91.422   99.342    13623    13621
 17   53482.806       0.000   82.125    0.000    0.000    0.000   91.605   99.342    13622    13616
 18   53544.489       0.000   82.431    0.000    0.000    0.000   91.684   99.342    13621    13593
 19   52706.164       0.000   82.557    0.000    0.000    0.000   91.764   99.342    13580    13623
 20   52172.946       0.000   82.576    0.000    0.000    0.000   91.724   99.342    13585    13606
 21   52224.343       0.000   82.680    0.000    0.000    0.000   91.700   99.342    13549    13633
 22   51895.051       0.000   82.727    0.000    0.000    0.000   91.772   99.342    13596    13587
 23   51734.862       0.000   82.510    0.000    0.000    0.000   91.811   99.342    13642    13557
 24   51586.498       0.000   82.441    0.000    0.000    0.000   91.804   99.342    13630    13580
 25   50870.273       0.000   82.326    0.000    0.000    0.000   91.859   99.342    13482    13610
 26   50321.760       0.000   82.535    0.000    0.000    0.000   91.867   99.342    13579    13631
 27   50318.316       0.000   82.586    0.000    0.000    0.000   91.915   99.342    13584    13592
 28   49847.510       0.000   82.582    0.000    0.000    0.000   91.907   99.342    13587    13589
 29   49513.277       0.000   82.528    0.000    0.000    0.000   91.955   99.342    13618    13569
 30   49371.453       0.000   82.676    0.000    0.000    0.000   91.986   99.342    13620    13580
 31   49238.192       0.000   82.742    0.000    0.000    0.000   92.090   99.342    13606    13581
 32   49081.371       0.000   82.828    0.000    0.000    0.000   92.090   99.342    13609    13583
 33   48725.754       0.000   82.986    0.000    0.000    0.000   92.130   99.342    13508    13550
 34   47965.046       0.000   82.986    0.000    0.000    0.000   92.161   99.342    13471    13530
 35   48628.549       0.000   82.875    0.000    0.000    0.000   92.201   99.342    13599    13561
 36   48238.968       0.000   82.973    0.000    0.000    0.000   92.273   99.342    13461    13584
 37   47652.371       0.000   82.812    0.000    0.000    0.000   92.297   99.342    13589    13603
 38   47979.985       0.000   82.778    0.000    0.000    0.000   92.321   99.342    13638    13600
 39   47180.754       0.000   83.009    0.000    0.000    0.000   92.400   99.342    13603    13454
 40   47008.892       0.000   83.037    0.000    0.000    0.000   92.313   99.342    13637    13578
 41   46715.029       0.000   82.925    0.000    0.000    0.000   92.328   99.342    13286    13539
 42   46883.149       0.000   82.940    0.000    0.000    0.000   92.328   99.342    13567    13585
 43   47061.993       0.000   82.848    0.000    0.000    0.000   92.400   99.342    13630    13621
 44   46573.711       0.000   82.921    0.000    0.000    0.000   92.424   99.342    13571    13574
 45   46656.633       0.000   82.959    0.000    0.000    0.000   92.408   99.342    13442    13565
 46   46362.387       0.000   82.876    0.000    0.000    0.000   92.400   99.342    13593    13574
 47   46349.121       0.000   82.787    0.000    0.000    0.000   92.352   99.342    13358    13546
 48   45493.649       0.000   82.914    0.000    0.000    0.000   92.384   99.342    13481    13486
 49   45575.670       0.000   82.947    0.000    0.000    0.000   92.432   99.342    13606    13545
Early stopping, best iteration is: 39
Best score = 85.67941200878903; Final iteration score = 85.647835103741
✔ Saved model to output directory
dropout-batchsize-dynamics/model-final

⠙ Creating best model...
✔ Created best model
dropout-batchsize-dynamics/model-best


59:22.83


spacy evaluate dropout-batchsize-dynamics/id_ud-tag-dep-ner-1.0.0/id_ud-tag-dep-ner/id_ud-tag-dep-ner-1.0.0/ id_gsd-ud-test.json --displacy-path dropout-batchsize-dynamics/ --gpu-id 0


Results 

Time      0.93 s
Words     11776
Words/s   12618
TOK       99.44
POS       92.37
UAS       83.71
LAS       75.34
NER P     0.00
NER R     0.00
NER F     0.00