dropout_from=0.5 dropout_to=0.2 dropout_decay=0.0001batch_to=100 time spacy train id dropout-batchsize-dynamics-down/ id_gsd-ud-train.json id_gsd-ud-dev.json --pipeline "tagger,parser" --n-iter 1000 -ne 10 --use-gpu 0 >> INFO-dbd-down.txt

Training pipeline: ['tagger', 'parser']
Starting with blank model 'id'
Counting training words (limit=0)

Itn    Dep Loss    NER Loss      UAS    NER P    NER R    NER F    Tag %  Token %  CPU WPS  GPU WPS
---  ----------  ----------  -------  -------  -------  -------  -------  -------  -------  -------
  0   98325.751       0.000   74.606    0.000    0.000    0.000   84.566   99.342    13568    13048
  1   73677.392       0.000   78.931    0.000    0.000    0.000   87.270   99.342    13489    13582
  2   62257.251       0.000   80.872    0.000    0.000    0.000   89.083   99.342    13562    13563
  3   54970.696       0.000   81.621    0.000    0.000    0.000   89.950   99.342    13599    13579
  4   51997.376       0.000   82.115    0.000    0.000    0.000   90.857   99.342    13531    13500
  5   49366.727       0.000   82.528    0.000    0.000    0.000   91.454   99.342    13510    13434
  6   47238.568       0.000   82.462    0.000    0.000    0.000   91.732   99.342    13512    13527
  7   44831.689       0.000   82.422    0.000    0.000    0.000   91.891   99.342    13529    13562
  8   42574.416       0.000   82.578    0.000    0.000    0.000   92.026   99.342    13564    13433
  9   41879.453       0.000   82.669    0.000    0.000    0.000   92.257   99.342    13598    13418
 10   40074.520       0.000   82.759    0.000    0.000    0.000   92.217   99.342    13559    13409
 11   38859.843       0.000   82.928    0.000    0.000    0.000   92.376   99.342    13524    13461
 12   37839.558       0.000   82.740    0.000    0.000    0.000   92.265   99.342    13586    13520
 13   36709.259       0.000   82.636    0.000    0.000    0.000   92.376   99.342    13527    13540
 14   35588.436       0.000   82.587    0.000    0.000    0.000   92.408   99.342    13535    13448
 15   34585.361       0.000   82.730    0.000    0.000    0.000   92.440   99.342    13532    13527
 16   33558.623       0.000   82.719    0.000    0.000    0.000   92.480   99.342    13468    13432
 17   32721.241       0.000   82.776    0.000    0.000    0.000   92.480   99.342    13462    13541
 18   32199.443       0.000   83.060    0.000    0.000    0.000   92.464   99.342    13503    13529
 19   31449.484       0.000   83.163    0.000    0.000    0.000   92.527   99.342    13510    13541
 20   30605.566       0.000   83.205    0.000    0.000    0.000   92.519   99.342    13492    13486
 21   30180.866       0.000   83.365    0.000    0.000    0.000   92.456   99.342    13454    13488
 22   29421.895       0.000   83.013    0.000    0.000    0.000   92.519   99.342    13356    13540
 23   28731.648       0.000   82.751    0.000    0.000    0.000   92.543   99.342    13477    13529
 24   28705.950       0.000   82.605    0.000    0.000    0.000   92.472   99.342    13503    13531
 25   27823.792       0.000   82.564    0.000    0.000    0.000   92.456   99.342    13548    13475
 26   26950.479       0.000   82.680    0.000    0.000    0.000   92.464   99.342    13451    13521
 27   26823.695       0.000   82.769    0.000    0.000    0.000   92.527   99.342    13475    13518
 28   26220.398       0.000   82.814    0.000    0.000    0.000   92.527   99.342    13503    13450
 29   25906.029       0.000   82.748    0.000    0.000    0.000   92.440   99.342    13492    13527
 30   25763.569       0.000   82.765    0.000    0.000    0.000   92.472   99.342    13464    13437
 31   25304.150       0.000   82.804    0.000    0.000    0.000   92.432   99.342    13486    13508
Early stopping, best iteration is: 21
Best score = 85.90832943364576; Final iteration score = 85.59529349207037
Saved model to output directory
dropout-batchsize-dynamics-down/model-final

⠙ Creating best model...
⠹ Creating best model...
Created best model
dropout-batchsize-dynamics-down/model-best


36:52.71


spacy evaluate dropout-batchsize-dynamics-down/id_ud-tag-dep-ner-1.0.0/id_ud-tag-dep-ner/id_ud-tag-dep-ner-1.0.0/ id_gsd-ud-test.json --displacy-path dropout-batchsize-dynamics-down/ --gpu-id 0



Results

Time      0.97 s
Words     11776
Words/s   12152
TOK       99.44
POS       92.49
UAS       83.66
LAS       75.59
NER P     0.00
NER R     0.00
NER F     0.00