
time prodigy ner.batch-train ner_id_train_1 id_ud-tag-dep-ner-1.0.0/ --output NER\ Model/Pre-trained\ Model/400-03-97/ --n-iter 400 --dropout 0.3 --batch-size 97


Loaded model id_ud-tag-dep-ner-1.0.0/
Using 20% of accept/reject examples (400) for evaluation
Using 100% of remaining examples (1746) for training
Dropout: 0.3  Batch size: 97  Iterations: 400  


BEFORE     0.012     
Correct    13
Incorrect  1031
Entities   3946      
Unknown    3933      

         
#          LOSS       RIGHT      WRONG      ENTS       SKIP       ACCURACY  
01         2.370      145        899        406        0          0.139     
02         1.756      277        767        681        0          0.265     
03         1.559      353        691        959        0          0.338     
04         1.468      390        654        1351       0          0.374     
05         1.282      422        622        1083       0          0.404     
06         1.221      465        579        1064       0          0.445     
07         1.235      484        560        1122       0          0.464     
08         1.184      513        531        1650       0          0.491     
09         1.097      526        518        1931       0          0.504     
10         1.127      544        500        1211       0          0.521     
11         1.083      553        491        1342       0          0.530     
12         1.024      556        488        1387       0          0.533     
13         0.936      561        483        1514       0          0.537     
14         0.853      568        476        1468       0          0.544     
15         0.756      570        474        1777       0          0.546     
16         0.682      584        460        1795       0          0.559     
17         0.621      583        461        1885       0          0.558     
18         0.592      591        453        1924       0          0.566     
19         0.575      584        460        2047       0          0.559     
20         0.538      590        454        2140       0          0.565     
21         0.509      597        447        2169       0          0.572     
22         0.494      595        449        2277       0          0.570     
23         0.483      595        449        2240       0          0.570     
24         0.432      594        450        2359       0          0.569     
25         0.412      598        446        2190       0          0.573     
26         0.408      594        450        2197       0          0.569     
27         0.391      594        450        2286       0          0.569     
28         0.384      591        453        2344       0          0.566     
29         0.352      590        454        2280       0          0.565     
30         0.317      585        459        2320       0          0.560     
31         0.323      587        457        2358       0          0.562     
32         0.311      592        452        2474       0          0.567     
33         0.290      595        449        2477       0          0.570     
34         0.284      596        448        2341       0          0.571     
35         0.271      590        454        2440       0          0.565     
36         0.256      589        455        2499       0          0.564     
37         0.266      595        449        2445       0          0.570     
38         0.248      596        448        2405       0          0.571     
39         0.241      595        449        2387       0          0.570     
40         0.233      586        458        2386       0          0.561     
41         0.231      592        452        2367       0          0.567     
42         0.210      590        454        2339       0          0.565     
43         0.212      597        447        2393       0          0.572     
44         0.200      594        450        2331       0          0.569     
45         0.196      589        455        2311       0          0.564     
46         0.188      592        452        2334       0          0.567     
47         0.180      585        459        2275       0          0.560     
48         0.185      586        458        2264       0          0.561     
49         0.185      591        453        2294       0          0.566     
50         0.179      588        456        2332       0          0.563     
51         0.176      588        456        2319       0          0.563     
52         0.164      589        455        2361       0          0.564     
53         0.164      590        454        2331       0          0.565     
54         0.161      594        450        2265       0          0.569     
55         0.175      599        445        2299       0          0.574     
56         0.159      599        445        2375       0          0.574     
57         0.140      597        447        2311       0          0.572     
58         0.138      591        453        2237       0          0.566     
59         0.144      597        447        2244       0          0.572     
60         0.145      600        444        2305       0          0.575     
61         0.135      600        444        2367       0          0.575     
62         0.128      596        448        2317       0          0.571     
63         0.123      599        445        2334       0          0.574     
64         0.128      600        444        2378       0          0.575     
65         0.121      598        446        2298       0          0.573     
66         0.114      599        445        2287       0          0.574     
67         0.114      596        448        2236       0          0.571     
68         0.122      595        449        2250       0          0.570     
69         0.123      593        451        2267       0          0.568     
70         0.118      596        448        2348       0          0.571     
71         0.110      596        448        2371       0          0.571     
72         0.106      601        443        2456       0          0.576     
73         0.113      601        443        2430       0          0.576     
74         0.119      602        442        2295       0          0.577     
75         0.120      600        444        2335       0          0.575     
76         0.111      600        444        2407       0          0.575     
77         0.093      595        449        2504       0          0.570     
78         0.099      602        442        2505       0          0.577     
79         0.093      593        451        2510       0          0.568     
80         0.092      586        458        2473       0          0.561     
81         0.095      596        448        2461       0          0.571     
82         0.103      591        453        2358       0          0.566     
83         0.109      598        446        2506       0          0.573     
84         0.101      595        449        2560       0          0.570     
85         0.099      593        451        2533       0          0.568     
86         0.096      591        453        2542       0          0.566     
87         0.099      593        451        2462       0          0.568     
88         0.091      597        447        2429       0          0.572     
89         0.091      589        455        2395       0          0.564     
90         0.094      596        448        2398       0          0.571     
91         0.090      598        446        2388       0          0.573     
92         0.088      595        449        2416       0          0.570     
93         0.095      594        450        2526       0          0.569     
94         0.098      595        449        2472       0          0.570     
95         0.105      594        450        2603       0          0.569     
96         0.097      594        450        2443       0          0.569     
97         0.103      597        447        2510       0          0.572     
98         0.100      592        452        2510       0          0.567     
99         0.087      597        447        2515       0          0.572     
100        0.092      597        447        2581       0          0.572     
101        0.103      592        452        2485       0          0.567     
102        0.099      591        453        2451       0          0.566     
103        0.090      588        456        2431       0          0.563     
104        0.088      590        454        2417       0          0.565     
105        0.090      590        454        2530       0          0.565     
106        0.090      593        451        2427       0          0.568     
107        0.086      597        447        2471       0          0.572     
108        0.085      599        445        2478       0          0.574     
109        0.092      598        446        2458       0          0.573     
110        0.082      598        446        2475       0          0.573     
111        0.083      601        443        2537       0          0.576     
112        0.074      597        447        2554       0          0.572     
113        0.081      598        446        2617       0          0.573     
114        0.077      603        441        2511       0          0.578     
115        0.073      591        453        2438       0          0.566     
116        0.078      601        443        2506       0          0.576     
117        0.073      593        451        2462       0          0.568     
118        0.081      597        447        2456       0          0.572     
119        0.077      599        445        2456       0          0.574     
120        0.077      598        446        2373       0          0.573     
121        0.078      591        453        2336       0          0.566     
122        0.076      591        453        2377       0          0.566     
123        0.075      592        452        2421       0          0.567     
124        0.069      599        445        2452       0          0.574     
125        0.070      597        447        2393       0          0.572     
126        0.071      592        452        2338       0          0.567     
127        0.072      596        448        2426       0          0.571     
128        0.078      597        447        2387       0          0.572     
129        0.086      597        447        2490       0          0.572     
130        0.077      601        443        2577       0          0.576     
131        0.073      599        445        2446       0          0.574     
132        0.067      592        452        2379       0          0.567     
133        0.076      595        449        2431       0          0.570     
134        0.069      596        448        2421       0          0.571     
135        0.081      592        452        2472       0          0.567     
136        0.069      599        445        2465       0          0.574     
137        0.069      603        441        2549       0          0.578     
138        0.069      602        442        2609       0          0.577     
139        0.066      595        449        2502       0          0.570     
140        0.079      603        441        2602       0          0.578     
141        0.066      607        437        2532       0          0.581     
142        0.073      595        449        2459       0          0.570     
143        0.059      600        444        2486       0          0.575     
144        0.061      596        448        2530       0          0.571     
145        0.059      588        456        2434       0          0.563     
146        0.067      591        453        2427       0          0.566     
147        0.070      593        451        2451       0          0.568     
148        0.067      590        454        2494       0          0.565     
149        0.070      589        455        2502       0          0.564     
150        0.066      591        453        2460       0          0.566     
151        0.069      589        455        2561       0          0.564     
152        0.065      585        459        2378       0          0.560     
153        0.059      588        456        2324       0          0.563     
154        0.064      591        453        2303       0          0.566     
155        0.054      590        454        2300       0          0.565     
156        0.062      595        449        2470       0          0.570     
157        0.060      581        463        2301       0          0.557     
158        0.065      585        459        2365       0          0.560     
159        0.064      587        457        2417       0          0.562     
160        0.072      592        452        2409       0          0.567     
161        0.063      592        452        2380       0          0.567     
162        0.059      590        454        2336       0          0.565     
163        0.057      593        451        2496       0          0.568     
164        0.063      600        444        2494       0          0.575     
165        0.060      598        446        2460       0          0.573     
166        0.053      588        456        2234       0          0.563     
167        0.055      590        454        2387       0          0.565     
168        0.076      586        458        2384       0          0.561     
169        0.062      591        453        2373       0          0.566     
170        0.055      582        462        2401       0          0.557     
171        0.059      580        464        2313       0          0.556     
172        0.066      590        454        2394       0          0.565     
173        0.065      585        459        2306       0          0.560     
174        0.068      586        458        2419       0          0.561     
175        0.056      590        454        2393       0          0.565     
176        0.062      585        459        2394       0          0.560     
177        0.068      593        451        2420       0          0.568     
178        0.073      595        449        2510       0          0.570     
179        0.064      591        453        2602       0          0.566     
180        0.061      598        446        2519       0          0.573     
181        0.054      595        449        2507       0          0.570     
182        0.056      595        449        2480       0          0.570     
183        0.057      585        459        2371       0          0.560     
184        0.062      593        451        2502       0          0.568     
185        0.069      592        452        2447       0          0.567     
186        0.061      596        448        2543       0          0.571     
187        0.062      588        456        2387       0          0.563     
188        0.057      587        457        2447       0          0.562     
189        0.064      588        456        2445       0          0.563     
190        0.051      590        454        2427       0          0.565     
191        0.061      585        459        2353       0          0.560     
192        0.059      590        454        2334       0          0.565     
193        0.054      592        452        2295       0          0.567     
194        0.049      586        458        2387       0          0.561     
195        0.054      590        454        2475       0          0.565     
196        0.066      582        462        2461       0          0.557     
197        0.053      591        453        2396       0          0.566     
198        0.051      585        459        2416       0          0.560     
199        0.058      587        457        2335       0          0.562     
200        0.058      590        454        2363       0          0.565     
201        0.054      589        455        2408       0          0.564     
202        0.047      587        457        2396       0          0.562     
203        0.046      586        458        2362       0          0.561     
204        0.055      586        458        2462       0          0.561     
205        0.051      579        465        2562       0          0.555     
206        0.056      588        456        2600       0          0.563     
207        0.058      581        463        2505       0          0.557     
208        0.053      585        459        2543       0          0.560     
209        0.047      583        461        2536       0          0.558     
210        0.056      590        454        2585       0          0.565     
211        0.054      583        461        2599       0          0.558     
212        0.047      580        464        2571       0          0.556     
213        0.056      585        459        2480       0          0.560     
214        0.051      584        460        2463       0          0.559     
215        0.049      582        462        2517       0          0.557     
216        0.053      584        460        2469       0          0.559     
217        0.055      583        461        2515       0          0.558     
218        0.048      576        468        2407       0          0.552     
219        0.059      576        468        2497       0          0.552     
220        0.048      580        464        2451       0          0.556     
221        0.045      576        468        2540       0          0.552     
222        0.048      579        465        2436       0          0.555     
223        0.049      573        471        2376       0          0.549     
224        0.049      572        472        2349       0          0.548     
225        0.048      576        468        2498       0          0.552     
226        0.052      574        470        2526       0          0.550     
227        0.055      576        468        2534       0          0.552     
228        0.055      570        474        2420       0          0.546     
229        0.054      578        466        2538       0          0.554     
230        0.046      573        471        2434       0          0.549     
231        0.058      579        465        2560       0          0.555     
232        0.059      579        465        2398       0          0.555     
233        0.050      582        462        2443       0          0.557     
234        0.049      580        464        2396       0          0.556     
235        0.047      579        465        2389       0          0.555     
236        0.050      572        472        2266       0          0.548     
237        0.048      583        461        2349       0          0.558     
238        0.040      578        466        2365       0          0.554     
239        0.044      576        468        2216       0          0.552     
240        0.039      573        471        2195       0          0.549     
241        0.042      581        463        2511       0          0.557     
242        0.043      579        465        2470       0          0.555     
243        0.054      579        465        2425       0          0.555     
244        0.047      580        464        2525       0          0.556     
245        0.042      571        473        2358       0          0.547     
246        0.046      576        468        2446       0          0.552     
247        0.038      571        473        2424       0          0.547     
248        0.040      577        467        2455       0          0.553     
249        0.044      570        474        2265       0          0.546     
250        0.043      579        465        2477       0          0.555     
251        0.045      578        466        2375       0          0.554     
252        0.044      578        466        2416       0          0.554     
253        0.034      582        462        2397       0          0.557     
254        0.045      582        462        2426       0          0.557     
255        0.052      579        465        2353       0          0.555     
256        0.056      585        459        2436       0          0.560     
257        0.059      588        456        2441       0          0.563     
258        0.047      576        468        2249       0          0.552     
259        0.046      594        450        2593       0          0.569     
260        0.048      589        455        2368       0          0.564     
261        0.045      580        464        2254       0          0.556     
262        0.069      579        465        2258       0          0.555     
263        0.062      588        456        2518       0          0.563     
264        0.053      582        462        2496       0          0.557     
265        0.054      580        464        2338       0          0.556     
266        0.050      582        462        2417       0          0.557     
267        0.062      584        460        2500       0          0.559     
268        0.063      584        460        2479       0          0.559     
269        0.060      588        456        2554       0          0.563     
270        0.054      596        448        2606       0          0.571     
271        0.043      589        455        2493       0          0.564     
272        0.063      588        456        2580       0          0.563     
273        0.052      589        455        2550       0          0.564     
274        0.059      595        449        2503       0          0.570     
275        0.060      601        443        2563       0          0.576     
276        0.055      592        452        2567       0          0.567     
277        0.052      594        450        2490       0          0.569     
278        0.057      595        449        2386       0          0.570     
279        0.059      589        455        2420       0          0.564     
280        0.050      594        450        2603       0          0.569     
281        0.051      599        445        2628       0          0.574     
282        0.046      602        442        2552       0          0.577     
283        0.052      592        452        2314       0          0.567     
284        0.049      590        454        2424       0          0.565     
285        0.051      598        446        2479       0          0.573     
286        0.052      589        455        2383       0          0.564     
287        0.057      592        452        2416       0          0.567     
288        0.046      593        451        2411       0          0.568     
289        0.053      589        455        2359       0          0.564     
290        0.047      591        453        2511       0          0.566     
291        0.052      592        452        2435       0          0.567     
292        0.050      600        444        2522       0          0.575     
293        0.043      596        448        2521       0          0.571     
294        0.045      585        459        2497       0          0.560     
295        0.038      589        455        2467       0          0.564     
296        0.043      594        450        2444       0          0.569     
297        0.045      596        448        2516       0          0.571     
298        0.045      590        454        2506       0          0.565     
299        0.043      587        457        2484       0          0.562     
300        0.045      590        454        2509       0          0.565     
301        0.047      579        465        2342       0          0.555     
302        0.041      580        464        2401       0          0.556     
303        0.044      582        462        2416       0          0.557     
304        0.041      587        457        2558       0          0.562     
305        0.043      578        466        2324       0          0.554     
306        0.057      587        457        2606       0          0.562     
307        0.061      594        450        2794       0          0.569     
308        0.061      589        455        2590       0          0.564     
309        0.047      581        463        2387       0          0.557     
310        0.047      584        460        2447       0          0.559     
311        0.042      578        466        2337       0          0.554     
312        0.039      575        469        2532       0          0.551     
313        0.040      581        463        2466       0          0.557     
314        0.039      580        464        2345       0          0.556     
315        0.046      578        466        2323       0          0.554     
316        0.044      578        466        2374       0          0.554     
317        0.046      579        465        2294       0          0.555     
318        0.054      579        465        2371       0          0.555     
319        0.058      580        464        2448       0          0.556     
320        0.050      574        470        2405       0          0.550     
321        0.059      573        471        2430       0          0.549     
322        0.066      574        470        2333       0          0.550     
323        0.058      575        469        2392       0          0.551     
324        0.055      577        467        2379       0          0.553     
325        0.058      581        463        2419       0          0.557     
326        0.061      583        461        2495       0          0.558     
327        0.050      580        464        2448       0          0.556     
328        0.048      577        467        2462       0          0.553     
329        0.059      575        469        2437       0          0.551     
330        0.049      575        469        2446       0          0.551     
331        0.049      573        471        2273       0          0.549     
332        0.047      574        470        2406       0          0.550     
333        0.055      581        463        2365       0          0.557     
334        0.054      578        466        2351       0          0.554     
335        0.051      583        461        2418       0          0.558     
336        0.055      583        461        2548       0          0.558     
337        0.046      576        468        2321       0          0.552     
338        0.048      582        462        2386       0          0.557     
339        0.043      579        465        2365       0          0.555     
340        0.052      587        457        2463       0          0.562     
341        0.044      581        463        2481       0          0.557     
342        0.044      570        474        2383       0          0.546     
343        0.050      578        466        2413       0          0.554     
344        0.046      578        466        2479       0          0.554     
345        0.048      584        460        2483       0          0.559     
346        0.041      579        465        2441       0          0.555     
347        0.048      576        468        2366       0          0.552     
348        0.042      581        463        2453       0          0.557     
349        0.045      583        461        2504       0          0.558     
350        0.042      580        464        2506       0          0.556     
351        0.049      571        473        2346       0          0.547     
352        0.051      581        463        2502       0          0.557     
353        0.043      584        460        2528       0          0.559     
354        0.038      583        461        2505       0          0.558     
355        0.038      575        469        2396       0          0.551     
356        0.042      582        462        2508       0          0.557     
357        0.047      579        465        2391       0          0.555     
358        0.058      581        463        2493       0          0.557     
359        0.045      584        460        2625       0          0.559     
360        0.047      585        459        2639       0          0.560     
361        0.048      575        469        2522       0          0.551     
362        0.040      576        468        2311       0          0.552     
363        0.040      583        461        2551       0          0.558     
364        0.042      576        468        2404       0          0.552     
365        0.043      580        464        2408       0          0.556     
366        0.041      584        460        2504       0          0.559     
367        0.043      579        465        2413       0          0.555     
368        0.036      581        463        2370       0          0.557     
369        0.052      574        470        2318       0          0.550     
370        0.048      576        468        2438       0          0.552     
371        0.041      567        477        2330       0          0.543     
372        0.045      577        467        2488       0          0.553     
373        0.044      571        473        2353       0          0.547     
374        0.048      576        468        2345       0          0.552     
375        0.043      573        471        2394       0          0.549     
376        0.040      578        466        2498       0          0.554     
377        0.049      583        461        2511       0          0.558     
378        0.051      578        466        2459       0          0.554     
379        0.044      582        462        2454       0          0.557     
380        0.041      578        466        2455       0          0.554     
381        0.054      572        472        2328       0          0.548     
382        0.046      570        474        2274       0          0.546     
383        0.041      571        473        2298       0          0.547     
384        0.054      571        473        2270       0          0.547     
385        0.054      574        470        2270       0          0.550     
386        0.047      581        463        2301       0          0.557     
387        0.048      580        464        2368       0          0.556     
388        0.047      575        469        2366       0          0.551     
389        0.058      576        468        2310       0          0.552     
390        0.047      570        474        2420       0          0.546     
391        0.048      576        468        2384       0          0.552     
392        0.044      573        471        2340       0          0.549     
393        0.045      575        469        2450       0          0.551     
394        0.041      576        468        2423       0          0.552     
395        0.052      581        463        2383       0          0.557     
396        0.038      576        468        2348       0          0.552     
397        0.048      581        463        2378       0          0.557     
398        0.048      579        465        2363       0          0.555     
399        0.044      576        468        2352       0          0.552     
400        0.043      580        464        2350       0          0.556     

Correct    607
Incorrect  437
Baseline   0.012     
Accuracy   0.581     

Model: /home/jupyter-nlp/Skripsi Daniel/NER Dataset/NER Model/Pre-trained Model/400-03-97
Training data: /home/jupyter-nlp/Skripsi Daniel/NER Dataset/NER Model/Pre-trained Model/400-03-97/training.jsonl
Evaluation data: /home/jupyter-nlp/Skripsi Daniel/NER Dataset/NER Model/Pre-trained Model/400-03-97/evaluation.jsonl


real    439m45.416s
user    377m58.632s
sys     420m18.603s


DATASET

  Dataset            ner_id_train_1
  Created            2019-04-28 18:17:30
  Description        A gold-standard dataset for making pre-trained NER model to make annotating remaining id_gsd-ud-train.jsonl faster using ner.teach. It consists 2000 examples
  Author             Daniel_Chrisna_Danuega
  Annotations        2021  
  Accept             2000  
  Reject             3
  Ignore             18