
time prodigy ner.batch-train ner_id_train_1 id_ud-tag-dep-ner-1.0.0/ --output NER\ Model/Pre-trained\ Model/1000-03-97-NM/ --n-iter 1000 --dropout 0.3 --batch-size 97 --no-missing >> INFO-1000-03-97-NM.txt


Loaded model id_ud-tag-dep-ner-1.0.0/
Using 20% of accept/reject examples (400) for evaluation
Using 100% of remaining examples (1746) for training
Dropout: 0.3  Batch size: 97  Iterations: 1000  


BEFORE     0.003     
Correct    13
Incorrect  4964
Entities   3946      
Unknown    0         

         
#          LOSS       RIGHT      WRONG      ENTS       SKIP       ACCURACY  
01         1.413      185        1177       503        0          0.136     
02         0.789      343        1202       844        0          0.222     
03         0.669      413        1138       920        0          0.266     
04         0.585      462        1052       932        0          0.305     
05         0.528      464        1071       955        0          0.302     
06         0.468      506        1028       996        0          0.330     
07         0.438      516        987        975        0          0.343     
08         0.398      545        973        1019       0          0.359     
09         0.357      560        978        1054       0          0.364     
10         0.329      552        961        1021       0          0.365     
11         0.289      568        937        1029       0          0.377     
12         0.258      576        916        1024       0          0.386     
13         0.224      585        904        1030       0          0.393     
14         0.194      582        916        1036       0          0.389     
15         0.181      584        903        1027       0          0.393     
16         0.155      583        902        1024       0          0.393     
17         0.135      592        885        1025       0          0.401     
18         0.118      597        884        1034       0          0.403     
19         0.109      596        870        1018       0          0.407     
20         0.103      603        859        1021       0          0.412     
21         0.097      602        860        1020       0          0.412     
22         0.088      604        866        1030       0          0.411     
23         0.076      603        870        1032       0          0.409     
24         0.072      611        856        1034       0          0.416     
25         0.067      614        843        1027       0          0.421     
26         0.066      617        838        1028       0          0.424     
27         0.062      614        836        1020       0          0.423     
28         0.055      620        826        1022       0          0.429     
29         0.056      609        835        1009       0          0.422     
30         0.049      606        842        1010       0          0.419     
31         0.045      608        843        1015       0          0.419     
32         0.049      604        850        1014       0          0.415     
33         0.040      605        850        1016       0          0.416     
34         0.039      606        850        1018       0          0.416     
35         0.040      600        859        1015       0          0.411     
36         0.037      610        836        1012       0          0.422     
37         0.043      609        834        1008       0          0.422     
38         0.035      609        833        1007       0          0.422     
39         0.037      613        830        1012       0          0.425     
40         0.036      621        814        1012       0          0.433     
41         0.036      617        817        1007       0          0.430     
42         0.029      623        813        1015       0          0.434     
43         0.030      613        825        1007       0          0.426     
44         0.032      615        816        1002       0          0.430     
45         0.031      612        829        1009       0          0.425     
46         0.029      610        829        1005       0          0.424     
47         0.024      608        839        1011       0          0.420     
48         0.026      612        838        1018       0          0.422     
49         0.026      612        848        1028       0          0.419     
50         0.032      615        835        1021       0          0.424     
51         0.029      615        834        1020       0          0.424     
52         0.023      617        833        1023       0          0.426     
53         0.028      609        850        1024       0          0.417     
54         0.024      610        843        1019       0          0.420     
55         0.021      607        847        1017       0          0.417     
56         0.022      603        837        999        0          0.419     
57         0.025      602        842        1002       0          0.417     
58         0.019      601        843        1001       0          0.416     
59         0.017      606        837        1005       0          0.420     
60         0.021      609        831        1005       0          0.423     
61         0.019      611        829        1007       0          0.424     
62         0.019      610        826        1002       0          0.425     
63         0.022      607        838        1008       0          0.420     
64         0.020      604        841        1005       0          0.418     
65         0.021      609        831        1005       0          0.423     
66         0.020      615        821        1007       0          0.428     
67         0.019      612        822        1002       0          0.427     
68         0.018      606        831        999        0          0.422     
69         0.016      605        849        1015       0          0.416     
70         0.021      606        846        1014       0          0.417     
71         0.015      605        840        1006       0          0.419     
72         0.020      605        845        1011       0          0.417     
73         0.019      603        857        1019       0          0.413     
74         0.018      603        844        1006       0          0.417     
75         0.023      604        838        1002       0          0.419     
76         0.016      609        841        1015       0          0.420     
77         0.018      601        844        1002       0          0.416     
78         0.012      603        852        1014       0          0.414     
79         0.017      612        836        1016       0          0.423     
80         0.017      605        842        1008       0          0.418     
81         0.016      607        840        1010       0          0.419     
82         0.015      600        843        999        0          0.416     
83         0.013      603        837        999        0          0.419     
84         0.018      599        832        986        0          0.419     
85         0.015      609        845        1019       0          0.419     
86         0.017      604        840        1004       0          0.418     
87         0.016      605        835        1001       0          0.420     
88         0.016      605        849        1015       0          0.416     
89         0.014      603        848        1010       0          0.416     
90         0.012      601        843        1001       0          0.416     
91         0.013      606        847        1015       0          0.417     
92         0.015      609        841        1015       0          0.420     
93         0.015      608        844        1016       0          0.419     
94         0.012      608        844        1016       0          0.419     
95         0.014      604        847        1011       0          0.416     
96         0.016      603        854        1016       0          0.414     
97         0.014      604        845        1009       0          0.417     
98         0.016      607        838        1008       0          0.420     
99         0.011      604        846        1010       0          0.417     
100        0.014      602        846        1006       0          0.416     
101        0.013      607        839        1009       0          0.420     
102        0.011      604        846        1010       0          0.417     
103        0.011      608        833        1005       0          0.422     
104        0.012      608        829        1001       0          0.423     
105        0.013      600        834        990        0          0.418     
106        0.013      606        831        999        0          0.422     
107        0.010      606        843        1011       0          0.418     
108        0.013      594        853        997        0          0.411     
109        0.010      594        856        1000       0          0.410     
110        0.012      595        859        1005       0          0.409     
111        0.011      592        860        1000       0          0.408     
112        0.010      600        851        1007       0          0.414     
113        0.010      601        851        1009       0          0.414     
114        0.008      597        850        1000       0          0.413     
115        0.011      600        841        997        0          0.416     
116        0.010      597        853        1003       0          0.412     
117        0.010      599        837        991        0          0.417     
118        0.009      598        852        1004       0          0.412     
119        0.011      596        856        1004       0          0.410     
120        0.011      586        861        989        0          0.405     
121        0.012      598        860        1012       0          0.410     
122        0.012      581        863        981        0          0.402     
123        0.011      586        863        991        0          0.404     
124        0.012      590        859        995        0          0.407     
125        0.010      585        856        982        0          0.406     
126        0.012      592        848        988        0          0.411     
127        0.012      591        855        993        0          0.409     
128        0.009      603        836        998        0          0.419     
129        0.009      604        836        1000       0          0.419     
130        0.008      598        832        984        0          0.418     
131        0.012      594        840        984        0          0.414     
132        0.013      600        830        986        0          0.420     
133        0.011      603        829        991        0          0.421     
134        0.012      600        849        1005       0          0.414     
135        0.012      602        843        1003       0          0.417     
136        0.009      611        843        1021       0          0.420     
137        0.014      609        851        1025       0          0.417     
138        0.011      602        867        1027       0          0.410     
139        0.010      615        844        1030       0          0.422     
140        0.012      601        861        1019       0          0.411     
141        0.009      604        861        1025       0          0.412     
142        0.012      606        854        1022       0          0.415     
143        0.011      607        848        1018       0          0.417     
144        0.012      599        847        1001       0          0.414     
145        0.011      599        847        1001       0          0.414     
146        0.010      603        847        1009       0          0.416     
147        0.010      600        841        997        0          0.416     
148        0.010      597        849        999        0          0.413     
149        0.010      603        846        1008       0          0.416     
150        0.008      606        847        1015       0          0.417     
151        0.009      607        841        1011       0          0.419     
152        0.010      593        854        996        0          0.410     
153        0.008      598        856        1008       0          0.411     
154        0.009      608        838        1010       0          0.420     
155        0.007      602        847        1007       0          0.415     
156        0.010      604        847        1011       0          0.416     
157        0.009      606        850        1018       0          0.416     
158        0.011      595        867        1013       0          0.407     
159        0.013      600        850        1006       0          0.414     
160        0.009      605        861        1027       0          0.413     
161        0.010      605        844        1010       0          0.418     
162        0.008      605        858        1024       0          0.414     
163        0.009      599        850        1004       0          0.413     
164        0.008      605        840        1006       0          0.419     
165        0.009      604        851        1015       0          0.415     
166        0.009      605        843        1009       0          0.418     
167        0.010      606        846        1014       0          0.417     
168        0.010      603        855        1017       0          0.414     
169        0.009      611        839        1017       0          0.421     
170        0.010      608        843        1015       0          0.419     
171        0.009      606        841        1009       0          0.419     
172        0.009      610        838        1014       0          0.421     
173        0.009      605        842        1008       0          0.418     
174        0.009      603        854        1016       0          0.414     
175        0.009      600        867        1023       0          0.409     
176        0.010      602        846        1006       0          0.416     
177        0.006      600        853        1009       0          0.413     
178        0.010      600        858        1014       0          0.412     
179        0.009      596        856        1004       0          0.410     
180        0.008      598        856        1008       0          0.411     
181        0.009      594        847        991        0          0.412     
182        0.008      593        853        995        0          0.410     
183        0.009      596        840        988        0          0.415     
184        0.008      595        837        983        0          0.416     
185        0.008      597        838        988        0          0.416     
186        0.007      598        831        983        0          0.418     
187        0.009      594        828        972        0          0.418     
188        0.010      594        837        981        0          0.415     
189        0.009      597        833        983        0          0.417     
190        0.006      594        842        986        0          0.414     
191        0.010      599        855        1009       0          0.412     
192        0.009      594        847        991        0          0.412     
193        0.009      590        847        983        0          0.411     
194        0.008      596        846        994        0          0.413     
195        0.007      597        846        996        0          0.414     
196        0.007      595        839        985        0          0.415     
197        0.007      588        854        986        0          0.408     
198        0.007      593        842        984        0          0.413     
199        0.008      592        844        984        0          0.412     
200        0.006      597        844        994        0          0.414     
201        0.008      594        842        986        0          0.414     
202        0.009      588        849        981        0          0.409     
203        0.009      599        844        998        0          0.415     
204        0.009      590        847        983        0          0.411     
205        0.006      595        837        983        0          0.416     
206        0.007      594        846        990        0          0.412     
207        0.007      600        842        998        0          0.416     
208        0.007      596        838        986        0          0.416     
209        0.009      587        856        986        0          0.407     
210        0.006      586        846        974        0          0.409     
211        0.005      588        847        979        0          0.410     
212        0.009      589        851        985        0          0.409     
213        0.009      592        862        1002       0          0.407     
214        0.006      594        833        977        0          0.416     
215        0.009      593        856        998        0          0.409     
216        0.008      599        849        1003       0          0.414     
217        0.009      595        852        998        0          0.411     
218        0.007      595        857        1003       0          0.410     
219        0.008      586        871        999        0          0.402     
220        0.007      590        863        999        0          0.406     
221        0.008      592        853        993        0          0.410     
222        0.009      591        858        996        0          0.408     
223        0.008      594        853        997        0          0.411     
224        0.006      590        859        995        0          0.407     
225        0.007      586        878        1006       0          0.400     
226        0.007      598        863        1015       0          0.409     
227        0.008      589        865        999        0          0.405     
228        0.006      599        870        1024       0          0.408     
229        0.007      594        862        1006       0          0.408     
230        0.007      597        873        1023       0          0.406     
231        0.008      592        878        1018       0          0.403     
232        0.005      593        878        1020       0          0.403     
233        0.005      594        883        1027       0          0.402     
234        0.006      595        869        1015       0          0.406     
235        0.006      595        888        1034       0          0.401     
236        0.007      597        883        1033       0          0.403     
237        0.006      595        878        1024       0          0.404     
238        0.005      595        887        1033       0          0.401     
239        0.006      592        869        1009       0          0.405     
240        0.007      603        868        1030       0          0.410     
241        0.006      600        853        1009       0          0.413     
242        0.006      595        873        1019       0          0.405     
243        0.005      596        862        1010       0          0.409     
244        0.006      598        871        1023       0          0.407     
245        0.005      599        856        1010       0          0.412     
246        0.007      602        843        1003       0          0.417     
247        0.007      598        858        1010       0          0.411     
248        0.008      594        859        1003       0          0.409     
249        0.007      599        861        1015       0          0.410     
250        0.006      597        855        1005       0          0.411     
251        0.006      598        863        1015       0          0.409     
252        0.007      598        847        999        0          0.414     
253        0.007      595        863        1009       0          0.408     
254        0.007      602        851        1011       0          0.414     
255        0.007      601        843        1001       0          0.416     
256        0.004      603        839        1001       0          0.418     
257        0.008      601        846        1004       0          0.415     
258        0.005      593        852        994        0          0.410     
259        0.007      596        847        995        0          0.413     
260        0.005      590        853        989        0          0.409     
261        0.004      587        857        987        0          0.407     
262        0.005      589        859        993        0          0.407     
263        0.006      582        868        988        0          0.401     
264        0.008      591        865        1003       0          0.406     
265        0.008      589        859        993        0          0.407     
266        0.008      592        860        1000       0          0.408     
267        0.006      586        875        1003       0          0.401     
268        0.008      591        863        1001       0          0.406     
269        0.006      587        864        994        0          0.405     
270        0.005      589        862        996        0          0.406     
271        0.006      589        851        985        0          0.409     
272        0.007      595        854        1000       0          0.411     
273        0.006      592        857        997        0          0.409     
274        0.006      593        857        999        0          0.409     
275        0.007      595        858        1004       0          0.409     
276        0.005      595        852        998        0          0.411     
277        0.006      595        857        1003       0          0.410     
278        0.004      595        860        1006       0          0.409     
279        0.007      593        862        1004       0          0.408     
280        0.006      593        860        1002       0          0.408     
281        0.005      599        866        1020       0          0.409     
282        0.007      595        863        1009       0          0.408     
283        0.004      592        866        1006       0          0.406     
284        0.008      589        861        995        0          0.406     
285        0.006      591        859        997        0          0.408     
286        0.007      590        872        1008       0          0.404     
287        0.006      594        862        1006       0          0.408     
288        0.006      593        858        1000       0          0.409     
289        0.006      600        861        1017       0          0.411     
290        0.006      600        861        1017       0          0.411     
291        0.005      594        867        1011       0          0.407     
292        0.006      595        876        1022       0          0.404     
293        0.006      597        883        1033       0          0.403     
294        0.005      590        874        1010       0          0.403     
295        0.007      595        878        1024       0          0.404     
296        0.006      591        883        1021       0          0.401     
297        0.005      594        874        1018       0          0.405     
298        0.006      599        870        1024       0          0.408     
299        0.007      597        870        1020       0          0.407     
300        0.006      592        869        1009       0          0.405     
301        0.005      597        871        1021       0          0.407     
302        0.005      595        880        1026       0          0.403     
303        0.004      599        877        1031       0          0.406     
304        0.006      597        879        1029       0          0.404     
305        0.008      600        866        1022       0          0.409     
306        0.007      599        856        1010       0          0.412     
307        0.006      593        864        1006       0          0.407     
308        0.005      594        867        1011       0          0.407     
309        0.006      601        881        1039       0          0.406     
310        0.007      593        881        1023       0          0.402     
311        0.006      596        864        1012       0          0.408     
312        0.005      593        866        1008       0          0.406     
313        0.006      591        882        1020       0          0.401     
314        0.007      585        867        993        0          0.403     
315        0.006      593        857        999        0          0.409     
316        0.008      595        858        1004       0          0.409     
317        0.007      594        862        1006       0          0.408     
318        0.009      589        854        988        0          0.408     
319        0.010      591        857        995        0          0.408     
320        0.007      593        858        1000       0          0.409     
321        0.004      578        871        983        0          0.399     
322        0.009      583        880        1002       0          0.398     
323        0.008      583        868        990        0          0.402     
324        0.007      586        873        1001       0          0.402     
325        0.005      584        878        1002       0          0.399     
326        0.006      590        873        1009       0          0.403     
327        0.006      590        867        1003       0          0.405     
328        0.005      585        864        990        0          0.404     
329        0.007      596        854        1002       0          0.411     
330        0.006      588        865        997        0          0.405     
331        0.005      590        858        994        0          0.407     
332        0.007      589        860        994        0          0.406     
333        0.005      589        850        984        0          0.409     
334        0.006      593        850        992        0          0.411     
335        0.008      589        845        979        0          0.411     
336        0.006      586        865        993        0          0.404     
337        0.007      585        851        977        0          0.407     
338        0.006      585        844        970        0          0.409     
339        0.005      590        852        988        0          0.409     
340        0.005      597        844        994        0          0.414     
341        0.005      592        859        999        0          0.408     
342        0.006      588        858        990        0          0.407     
343        0.007      588        888        1020       0          0.398     
344        0.005      586        864        992        0          0.404     
345        0.006      586        867        995        0          0.403     
346        0.004      586        868        996        0          0.403     
347        0.007      587        858        988        0          0.406     
348        0.006      589        857        991        0          0.407     
349        0.006      586        864        992        0          0.404     
350        0.006      586        860        988        0          0.405     
351        0.004      598        869        1021       0          0.408     
352        0.004      592        874        1014       0          0.404     
353        0.003      594        871        1015       0          0.405     
354        0.004      594        878        1022       0          0.404     
355        0.005      592        862        1002       0          0.407     
356        0.005      591        871        1009       0          0.404     
357        0.006      590        867        1003       0          0.405     
358        0.005      589        861        995        0          0.406     
359        0.005      589        874        1008       0          0.403     
360        0.004      589        875        1009       0          0.402     
361        0.004      591        877        1015       0          0.403     
362        0.006      589        860        994        0          0.406     
363        0.006      582        878        998        0          0.399     
364        0.006      584        867        991        0          0.402     
365        0.004      580        858        974        0          0.403     
366        0.007      584        868        992        0          0.402     
367        0.006      585        869        995        0          0.402     
368        0.004      585        866        992        0          0.403     
369        0.006      587        866        996        0          0.404     
370        0.006      585        864        990        0          0.404     
371        0.006      586        849        977        0          0.408     
372        0.007      588        857        989        0          0.407     
373        0.005      584        854        978        0          0.406     
374        0.006      583        858        980        0          0.405     
375        0.006      590        844        980        0          0.411     
376        0.007      586        858        986        0          0.406     
377        0.006      590        853        989        0          0.409     
378        0.006      594        850        994        0          0.411     
379        0.005      586        862        990        0          0.405     
380        0.006      585        862        988        0          0.404     
381        0.006      592        856        996        0          0.409     
382        0.006      591        857        995        0          0.408     
383        0.004      594        847        991        0          0.412     
384        0.007      593        855        997        0          0.410     
385        0.005      593        856        998        0          0.409     
386        0.004      600        846        1002       0          0.415     
387        0.006      595        842        988        0          0.414     
388        0.006      596        845        993        0          0.414     
389        0.006      592        843        983        0          0.413     
390        0.005      600        835        991        0          0.418     
391        0.004      594        837        981        0          0.415     
392        0.005      593        840        982        0          0.414     
393        0.003      594        848        992        0          0.412     
394        0.004      596        839        987        0          0.415     
395        0.004      595        844        990        0          0.413     
396        0.005      596        831        979        0          0.418     
397        0.005      599        842        996        0          0.416     
398        0.003      597        837        987        0          0.416     
399        0.005      599        835        989        0          0.418     
400        0.004      596        840        988        0          0.415     
401        0.005      593        835        977        0          0.415     
402        0.004      595        837        983        0          0.416     
403        0.005      589        847        981        0          0.410     
404        0.004      592        847        987        0          0.411     
405        0.004      593        843        985        0          0.413     
406        0.007      594        841        985        0          0.414     
407        0.006      593        843        985        0          0.413     
408        0.004      591        850        988        0          0.410     
409        0.004      590        851        987        0          0.409     
410        0.006      592        850        990        0          0.411     
411        0.005      589        845        979        0          0.411     
412        0.007      582        866        986        0          0.402     
413        0.006      584        858        982        0          0.405     
414        0.005      584        855        979        0          0.406     
415        0.004      586        856        984        0          0.406     
416        0.005      590        846        982        0          0.411     
417        0.006      587        847        977        0          0.409     
418        0.005      594        840        984        0          0.414     
419        0.005      586        861        989        0          0.405     
420        0.004      588        849        981        0          0.409     
421        0.005      595        854        1000       0          0.411     
422        0.005      597        831        981        0          0.418     
423        0.006      592        853        993        0          0.410     
424        0.005      593        844        986        0          0.413     
425        0.005      591        840        978        0          0.413     
426        0.005      595        850        996        0          0.412     
427        0.005      591        847        985        0          0.411     
428        0.008      591        859        997        0          0.408     
429        0.008      588        859        991        0          0.406     
430        0.006      588        850        982        0          0.409     
431        0.006      586        849        977        0          0.408     
432        0.005      585        843        969        0          0.410     
433        0.007      588        849        981        0          0.409     
434        0.006      582        859        979        0          0.404     
435        0.005      577        865        975        0          0.400     
436        0.006      589        853        987        0          0.408     
437        0.006      597        859        1009       0          0.410     
438        0.009      590        865        1001       0          0.405     
439        0.004      592        863        1003       0          0.407     
440        0.005      591        867        1005       0          0.405     
441        0.005      590        865        1001       0          0.405     
442        0.006      591        865        1003       0          0.406     
443        0.006      591        867        1005       0          0.405     
444        0.005      590        867        1003       0          0.405     
445        0.005      584        881        1005       0          0.399     
446        0.006      595        857        1003       0          0.410     
447        0.006      580        865        981        0          0.401     
448        0.006      584        869        993        0          0.402     
449        0.006      591        850        988        0          0.410     
450        0.003      590        869        1005       0          0.404     
451        0.005      586        866        994        0          0.404     
452        0.004      590        865        1001       0          0.405     
453        0.004      591        878        1016       0          0.402     
454        0.004      592        869        1009       0          0.405     
455        0.003      590        871        1007       0          0.404     
456        0.003      584        869        993        0          0.402     
457        0.006      587        877        1007       0          0.401     
458        0.004      585        875        1001       0          0.401     
459        0.004      593        877        1019       0          0.403     
460        0.004      587        878        1008       0          0.401     
461        0.005      589        875        1009       0          0.402     
462        0.006      596        873        1021       0          0.406     
463        0.004      596        872        1020       0          0.406     
464        0.003      592        873        1013       0          0.404     
465        0.004      591        870        1008       0          0.405     
466        0.004      592        869        1009       0          0.405     
467        0.004      592        864        1004       0          0.407     
468        0.004      589        863        997        0          0.406     
469        0.005      591        867        1005       0          0.405     
470        0.004      586        864        992        0          0.404     
471        0.007      588        874        1006       0          0.402     
472        0.006      587        878        1008       0          0.401     
473        0.006      589        881        1015       0          0.401     
474        0.008      590        879        1015       0          0.402     
475        0.006      594        867        1011       0          0.407     
476        0.006      595        866        1012       0          0.407     
477        0.007      588        862        994        0          0.406     
478        0.005      598        873        1025       0          0.407     
479        0.005      589        874        1008       0          0.403     
480        0.007      583        878        1000       0          0.399     
481        0.005      582        868        988        0          0.401     
482        0.006      589        867        1001       0          0.405     
483        0.006      586        877        1005       0          0.401     
484        0.004      591        862        1000       0          0.407     
485        0.003      589        872        1006       0          0.403     
486        0.004      586        857        985        0          0.406     
487        0.004      593        863        1005       0          0.407     
488        0.003      590        854        990        0          0.409     
489        0.005      586        872        1000       0          0.402     
490        0.004      588        868        1000       0          0.404     
491        0.004      599        864        1018       0          0.409     
492        0.005      596        859        1007       0          0.410     
493        0.004      599        863        1017       0          0.410     
494        0.003      599        859        1013       0          0.411     
495        0.004      592        855        995        0          0.409     
496        0.005      598        850        1002       0          0.413     
497        0.005      591        861        999        0          0.407     
498        0.003      597        853        1003       0          0.412     
499        0.002      593        856        998        0          0.409     
500        0.003      590        852        988        0          0.409     
501        0.002      585        859        985        0          0.405     
502        0.004      590        860        996        0          0.407     
503        0.004      588        867        999        0          0.404     
504        0.004      589        872        1006       0          0.403     
505        0.004      587        867        997        0          0.404     
506        0.004      591        866        1004       0          0.406     
507        0.005      588        873        1005       0          0.402     
508        0.003      585        878        1004       0          0.400     
509        0.005      583        875        997        0          0.400     
510        0.006      580        879        995        0          0.398     
511        0.004      585        874        1000       0          0.401     
512        0.005      593        870        1012       0          0.405     
513        0.004      588        876        1008       0          0.402     
514        0.006      587        876        1006       0          0.401     
515        0.005      591        882        1020       0          0.401     
516        0.006      587        868        998        0          0.403     
517        0.005      585        884        1010       0          0.398     
518        0.005      583        876        998        0          0.400     
519        0.004      582        877        997        0          0.399     
520        0.004      586        868        996        0          0.403     
521        0.006      584        877        1001       0          0.400     
522        0.005      584        870        994        0          0.402     
523        0.003      590        866        1002       0          0.405     
524        0.005      593        867        1009       0          0.406     
525        0.003      590        876        1012       0          0.402     
526        0.005      584        881        1005       0          0.399     
527        0.005      588        877        1009       0          0.401     
528        0.003      589        868        1002       0          0.404     
529        0.006      586        864        992        0          0.404     
530        0.006      587        877        1007       0          0.401     
531        0.005      591        884        1022       0          0.401     
532        0.006      590        887        1023       0          0.399     
533        0.005      584        887        1011       0          0.397     
534        0.004      582        896        1016       0          0.394     
535        0.004      591        903        1041       0          0.396     
536        0.006      594        881        1025       0          0.403     
537        0.004      594        880        1024       0          0.403     
538        0.004      593        879        1021       0          0.403     
539        0.005      595        878        1024       0          0.404     
540        0.004      590        877        1013       0          0.402     
541        0.005      594        881        1025       0          0.403     
542        0.005      592        877        1017       0          0.403     
543        0.005      593        881        1023       0          0.402     
544        0.003      592        873        1013       0          0.404     
545        0.004      590        870        1006       0          0.404     
546        0.004      591        872        1010       0          0.404     
547        0.004      594        855        999        0          0.410     
548        0.005      597        865        1015       0          0.408     
549        0.004      591        863        1001       0          0.406     
550        0.005      597        870        1020       0          0.407     
551        0.004      595        864        1010       0          0.408     
552        0.005      594        863        1007       0          0.408     
553        0.005      591        868        1006       0          0.405     
554        0.005      592        865        1005       0          0.406     
555        0.006      587        868        998        0          0.403     
556        0.006      589        876        1010       0          0.402     
557        0.005      586        876        1004       0          0.401     
558        0.006      588        873        1005       0          0.402     
559        0.003      596        867        1015       0          0.407     
560        0.003      585        869        995        0          0.402     
561        0.004      580        880        996        0          0.397     
562        0.005      588        876        1008       0          0.402     
563        0.005      582        889        1009       0          0.396     
564        0.003      588        886        1018       0          0.399     
565        0.004      588        876        1008       0          0.402     
566        0.005      586        888        1016       0          0.398     
567        0.005      581        885        1003       0          0.396     
568        0.006      582        889        1009       0          0.396     
569        0.004      582        876        996        0          0.399     
570        0.004      586        878        1006       0          0.400     
571        0.004      583        879        1001       0          0.399     
572        0.004      584        876        1000       0          0.400     
573        0.005      588        871        1003       0          0.403     
574        0.005      592        866        1006       0          0.406     
575        0.005      589        877        1011       0          0.402     
576        0.005      586        870        998        0          0.402     
577        0.004      593        876        1018       0          0.404     
578        0.004      589        869        1003       0          0.404     
579        0.003      587        871        1001       0          0.403     
580        0.003      596        873        1021       0          0.406     
581        0.004      596        880        1028       0          0.404     
582        0.004      592        875        1015       0          0.404     
583        0.005      594        878        1022       0          0.404     
584        0.004      594        876        1020       0          0.404     
585        0.006      592        867        1007       0          0.406     
586        0.003      594        862        1006       0          0.408     
587        0.003      591        873        1011       0          0.404     
588        0.004      586        875        1003       0          0.401     
589        0.005      580        873        989        0          0.399     
590        0.004      585        867        993        0          0.403     
591        0.004      586        861        989        0          0.405     
592        0.002      590        869        1005       0          0.404     
593        0.003      584        870        994        0          0.402     
594        0.005      588        865        997        0          0.405     
595        0.004      583        874        996        0          0.400     
596        0.004      585        878        1004       0          0.400     
597        0.004      590        871        1007       0          0.404     
598        0.003      588        869        1001       0          0.404     
599        0.004      587        876        1006       0          0.401     
600        0.005      585        870        996        0          0.402     
601        0.004      589        872        1006       0          0.403     
602        0.003      585        869        995        0          0.402     
603        0.003      583        873        995        0          0.400     
604        0.004      584        871        995        0          0.401     
605        0.005      586        872        1000       0          0.402     
606        0.003      586        876        1004       0          0.401     
607        0.002      586        879        1007       0          0.400     
608        0.002      581        878        996        0          0.398     
609        0.004      586        874        1002       0          0.401     
610        0.003      589        879        1013       0          0.401     
611        0.005      581        876        994        0          0.399     
612        0.005      585        871        997        0          0.402     
613        0.004      584        865        989        0          0.403     
614        0.005      585        873        999        0          0.401     
615        0.004      585        878        1004       0          0.400     
616        0.003      585        876        1002       0          0.400     
617        0.003      584        869        993        0          0.402     
618        0.004      585        865        991        0          0.403     
619        0.005      587        861        991        0          0.405     
620        0.005      584        870        994        0          0.402     
621        0.004      586        873        1001       0          0.402     
622        0.004      587        871        1001       0          0.403     
623        0.003      586        876        1004       0          0.401     
624        0.004      582        875        995        0          0.399     
625        0.005      590        875        1011       0          0.403     
626        0.003      590        867        1003       0          0.405     
627        0.004      586        869        997        0          0.403     
628        0.004      586        865        993        0          0.404     
629        0.005      579        874        988        0          0.398     
630        0.005      583        872        994        0          0.401     
631        0.003      581        869        987        0          0.401     
632        0.004      580        873        989        0          0.399     
633        0.006      586        869        997        0          0.403     
634        0.004      588        873        1005       0          0.402     
635        0.004      582        876        996        0          0.399     
636        0.005      585        877        1003       0          0.400     
637        0.004      587        873        1003       0          0.402     
638        0.005      584        881        1005       0          0.399     
639        0.003      586        885        1013       0          0.398     
640        0.003      592        871        1011       0          0.405     
641        0.004      585        882        1008       0          0.399     
642        0.003      588        876        1008       0          0.402     
643        0.004      587        871        1001       0          0.403     
644        0.004      592        879        1019       0          0.402     
645        0.004      596        875        1023       0          0.405     
646        0.003      597        876        1026       0          0.405     
647        0.005      590        886        1022       0          0.400     
648        0.004      585        882        1008       0          0.399     
649        0.002      584        887        1011       0          0.397     
650        0.003      583        886        1008       0          0.397     
651        0.003      587        880        1010       0          0.400     
652        0.004      586        887        1015       0          0.398     
653        0.003      584        879        1003       0          0.399     
654        0.004      592        878        1018       0          0.403     
655        0.005      587        878        1008       0          0.401     
656        0.005      587        880        1010       0          0.400     
657        0.005      587        887        1017       0          0.398     
658        0.004      589        879        1013       0          0.401     
659        0.004      586        882        1010       0          0.399     
660        0.005      585        895        1021       0          0.395     
661        0.004      581        897        1015       0          0.393     
662        0.005      583        892        1014       0          0.395     
663        0.006      582        891        1011       0          0.395     
664        0.004      579        897        1011       0          0.392     
665        0.003      583        895        1017       0          0.394     
666        0.006      584        886        1010       0          0.397     
667        0.003      580        878        994        0          0.398     
668        0.004      583        881        1003       0          0.398     
669        0.003      580        888        1004       0          0.395     
670        0.004      585        899        1025       0          0.394     
671        0.003      584        900        1024       0          0.394     
672        0.004      584        898        1022       0          0.394     
673        0.004      585        900        1026       0          0.394     
674        0.005      592        901        1041       0          0.397     
675        0.004      587        903        1033       0          0.394     
676        0.004      586        896        1024       0          0.395     
677        0.004      592        890        1030       0          0.399     
678        0.004      587        885        1015       0          0.399     
679        0.005      588        884        1016       0          0.399     
680        0.005      583        894        1016       0          0.395     
681        0.005      579        891        1005       0          0.394     
682        0.004      585        890        1016       0          0.397     
683        0.006      584        890        1014       0          0.396     
684        0.004      590        883        1019       0          0.401     
685        0.003      589        885        1019       0          0.400     
686        0.004      586        890        1018       0          0.397     
687        0.003      594        884        1028       0          0.402     
688        0.003      583        892        1014       0          0.395     
689        0.003      586        892        1020       0          0.396     
690        0.004      583        884        1006       0          0.397     
691        0.003      585        882        1008       0          0.399     
692        0.005      585        887        1013       0          0.397     
693        0.004      589        887        1021       0          0.399     
694        0.006      585        890        1016       0          0.397     
695        0.005      580        899        1015       0          0.392     
696        0.004      583        896        1018       0          0.394     
697        0.004      581        890        1008       0          0.395     
698        0.006      583        901        1023       0          0.393     
699        0.003      581        891        1009       0          0.395     
700        0.004      577        889        999        0          0.394     
701        0.004      574        899        1003       0          0.390     
702        0.005      575        888        994        0          0.393     
703        0.005      582        892        1012       0          0.395     
704        0.004      575        891        997        0          0.392     
705        0.006      575        889        995        0          0.393     
706        0.005      577        892        1002       0          0.393     
707        0.004      580        888        1004       0          0.395     
708        0.005      584        881        1005       0          0.399     
709        0.005      578        893        1005       0          0.393     
710        0.006      584        880        1004       0          0.399     
711        0.004      585        885        1011       0          0.398     
712        0.005      583        886        1008       0          0.397     
713        0.004      585        894        1020       0          0.396     
714        0.004      581        884        1002       0          0.397     
715        0.004      580        890        1006       0          0.395     
716        0.004      579        883        997        0          0.396     
717        0.004      581        875        993        0          0.399     
718        0.004      580        876        992        0          0.398     
719        0.004      577        877        987        0          0.397     
720        0.004      580        881        997        0          0.397     
721        0.004      578        884        996        0          0.395     
722        0.005      575        885        991        0          0.394     
723        0.004      576        894        1002       0          0.392     
724        0.003      576        884        992        0          0.395     
725        0.004      577        884        994        0          0.395     
726        0.002      579        876        990        0          0.398     
727        0.003      581        880        998        0          0.398     
728        0.004      579        877        991        0          0.398     
729        0.004      584        881        1005       0          0.399     
730        0.004      581        884        1002       0          0.397     
731        0.004      579        891        1005       0          0.394     
732        0.004      577        887        997        0          0.394     
733        0.006      577        886        996        0          0.394     
734        0.006      588        869        1001       0          0.404     
735        0.004      578        884        996        0          0.395     
736        0.004      581        882        1000       0          0.397     
737        0.004      582        885        1005       0          0.397     
738        0.003      585        874        1000       0          0.401     
739        0.003      583        879        1001       0          0.399     
740        0.004      583        881        1003       0          0.398     
741        0.003      584        874        998        0          0.401     
742        0.004      589        871        1005       0          0.403     
743        0.003      585        877        1003       0          0.400     
744        0.003      587        870        1000       0          0.403     
745        0.003      591        876        1014       0          0.403     
746        0.004      579        878        992        0          0.397     
747        0.002      583        880        1002       0          0.398     
748        0.004      579        887        1001       0          0.395     
749        0.004      587        878        1008       0          0.401     
750        0.003      586        880        1008       0          0.400     
751        0.005      594        877        1021       0          0.404     
752        0.005      596        867        1015       0          0.407     
753        0.004      593        872        1014       0          0.405     
754        0.003      596        882        1030       0          0.403     
755        0.003      593        879        1021       0          0.403     
756        0.005      593        864        1006       0          0.407     
757        0.004      592        858        998        0          0.408     
758        0.004      594        858        1002       0          0.409     
759        0.004      595        859        1005       0          0.409     
760        0.003      585        866        992        0          0.403     
761        0.004      592        867        1007       0          0.406     
762        0.003      588        877        1009       0          0.401     
763        0.004      590        873        1009       0          0.403     
764        0.004      589        869        1003       0          0.404     
765        0.002      594        866        1010       0          0.407     
766        0.004      587        878        1008       0          0.401     
767        0.003      585        873        999        0          0.401     
768        0.005      594        869        1013       0          0.406     
769        0.005      593        865        1007       0          0.407     
770        0.005      594        868        1012       0          0.406     
771        0.005      595        871        1017       0          0.406     
772        0.004      589        874        1008       0          0.403     
773        0.004      588        880        1012       0          0.401     
774        0.002      590        868        1004       0          0.405     
775        0.003      583        877        999        0          0.399     
776        0.002      585        869        995        0          0.402     
777        0.002      583        862        984        0          0.403     
778        0.002      582        865        985        0          0.402     
779        0.004      580        867        983        0          0.401     
780        0.002      577        884        994        0          0.395     
781        0.004      582        877        997        0          0.399     
782        0.005      581        874        992        0          0.399     
783        0.004      580        878        994        0          0.398     
784        0.004      585        888        1014       0          0.397     
785        0.006      586        871        999        0          0.402     
786        0.004      584        877        1001       0          0.400     
787        0.006      592        890        1030       0          0.399     
788        0.003      582        886        1006       0          0.396     
789        0.004      584        881        1005       0          0.399     
790        0.003      588        871        1003       0          0.403     
791        0.003      588        879        1011       0          0.401     
792        0.004      584        886        1010       0          0.397     
793        0.004      582        876        996        0          0.399     
794        0.004      585        868        994        0          0.403     
795        0.003      582        876        996        0          0.399     
796        0.002      584        880        1004       0          0.399     
797        0.002      581        879        997        0          0.398     
798        0.004      584        878        1002       0          0.399     
799        0.005      587        878        1008       0          0.401     
800        0.002      588        872        1004       0          0.403     
801        0.004      588        872        1004       0          0.403     
802        0.003      580        876        992        0          0.398     
803        0.004      580        887        1003       0          0.395     
804        0.004      586        870        998        0          0.402     
805        0.004      587        871        1001       0          0.403     
806        0.004      587        856        986        0          0.407     
807        0.005      591        875        1013       0          0.403     
808        0.004      584        873        997        0          0.401     
809        0.005      586        870        998        0          0.402     
810        0.002      591        875        1013       0          0.403     
811        0.004      591        863        1001       0          0.406     
812        0.003      595        866        1012       0          0.407     
813        0.003      589        867        1001       0          0.405     
814        0.005      592        866        1006       0          0.406     
815        0.005      585        867        993        0          0.403     
816        0.004      594        863        1007       0          0.408     
817        0.005      587        855        985        0          0.407     
818        0.004      589        880        1014       0          0.401     
819        0.003      591        873        1011       0          0.404     
820        0.003      590        874        1010       0          0.403     
821        0.004      591        867        1005       0          0.405     
822        0.003      591        863        1001       0          0.406     
823        0.003      595        870        1016       0          0.406     
824        0.004      590        864        1000       0          0.406     
825        0.004      596        872        1020       0          0.406     
826        0.004      598        863        1015       0          0.409     
827        0.003      597        871        1021       0          0.407     
828        0.003      595        866        1012       0          0.407     
829        0.003      593        875        1017       0          0.404     
830        0.004      595        884        1030       0          0.402     
831        0.002      594        872        1016       0          0.405     
832        0.002      595        865        1011       0          0.408     
833        0.003      594        860        1004       0          0.409     
834        0.004      595        870        1016       0          0.406     
835        0.005      595        864        1010       0          0.408     
836        0.004      594        873        1017       0          0.405     
837        0.004      594        856        1000       0          0.410     
838        0.005      595        866        1012       0          0.407     
839        0.005      590        855        991        0          0.408     
840        0.004      591        856        994        0          0.408     
841        0.004      595        854        1000       0          0.411     
842        0.005      589        872        1006       0          0.403     
843        0.004      593        871        1013       0          0.405     
844        0.004      589        865        999        0          0.405     
845        0.004      595        875        1021       0          0.405     
846        0.005      590        872        1008       0          0.404     
847        0.003      588        887        1019       0          0.399     
848        0.004      585        876        1002       0          0.400     
849        0.005      593        873        1015       0          0.405     
850        0.004      589        887        1021       0          0.399     
851        0.004      589        881        1015       0          0.401     
852        0.003      582        879        999        0          0.398     
853        0.004      581        886        1004       0          0.396     
854        0.005      584        880        1004       0          0.399     
855        0.003      588        888        1020       0          0.398     
856        0.004      588        882        1014       0          0.400     
857        0.004      585        885        1011       0          0.398     
858        0.005      590        892        1028       0          0.398     
859        0.005      589        890        1024       0          0.398     
860        0.005      585        884        1010       0          0.398     
861        0.004      587        891        1021       0          0.397     
862        0.002      597        876        1026       0          0.405     
863        0.004      588        884        1016       0          0.399     
864        0.003      591        880        1018       0          0.402     
865        0.005      587        887        1017       0          0.398     
866        0.004      586        881        1009       0          0.399     
867        0.003      588        870        1002       0          0.403     
868        0.002      588        876        1008       0          0.402     
869        0.004      587        864        994        0          0.405     
870        0.003      589        863        997        0          0.406     
871        0.003      589        868        1002       0          0.404     
872        0.005      590        861        997        0          0.407     
873        0.003      589        869        1003       0          0.404     
874        0.003      587        886        1016       0          0.399     
875        0.003      590        870        1006       0          0.404     
876        0.003      590        876        1012       0          0.402     
877        0.004      589        882        1016       0          0.400     
878        0.003      577        886        996        0          0.394     
879        0.003      584        888        1012       0          0.397     
880        0.003      586        871        999        0          0.402     
881        0.002      586        870        998        0          0.402     
882        0.003      586        869        997        0          0.403     
883        0.003      583        878        1000       0          0.399     
884        0.004      590        872        1008       0          0.404     
885        0.003      587        886        1016       0          0.399     
886        0.003      590        867        1003       0          0.405     
887        0.003      592        878        1018       0          0.403     
888        0.003      592        864        1004       0          0.407     
889        0.002      593        874        1016       0          0.404     
890        0.003      592        870        1010       0          0.405     
891        0.003      594        866        1010       0          0.407     
892        0.004      593        883        1025       0          0.402     
893        0.003      593        879        1021       0          0.403     
894        0.003      595        867        1013       0          0.407     
895        0.003      588        876        1008       0          0.402     
896        0.003      591        877        1015       0          0.403     
897        0.004      582        874        994        0          0.400     
898        0.006      588        868        1000       0          0.404     
899        0.003      585        870        996        0          0.402     
900        0.005      583        874        996        0          0.400     
901        0.002      593        874        1016       0          0.404     
902        0.003      587        859        989        0          0.406     
903        0.002      587        874        1004       0          0.402     
904        0.002      581        868        986        0          0.401     
905        0.003      581        878        996        0          0.398     
906        0.002      583        876        998        0          0.400     
907        0.004      581        891        1009       0          0.395     
908        0.002      578        883        995        0          0.396     
909        0.004      585        887        1013       0          0.397     
910        0.005      583        883        1005       0          0.398     
911        0.003      586        895        1023       0          0.396     
912        0.003      580        887        1003       0          0.395     
913        0.005      578        892        1004       0          0.393     
914        0.003      579        890        1004       0          0.394     
915        0.004      572        890        990        0          0.391     
916        0.005      582        890        1010       0          0.395     
917        0.004      580        890        1006       0          0.395     
918        0.004      581        893        1011       0          0.394     
919        0.004      578        894        1006       0          0.393     
920        0.003      581        891        1009       0          0.395     
921        0.003      582        886        1006       0          0.396     
922        0.005      579        889        1003       0          0.394     
923        0.005      588        884        1016       0          0.399     
924        0.004      584        882        1006       0          0.398     
925        0.004      581        885        1003       0          0.396     
926        0.004      578        899        1011       0          0.391     
927        0.005      573        904        1006       0          0.388     
928        0.004      586        897        1025       0          0.395     
929        0.004      579        899        1013       0          0.392     
930        0.004      583        906        1028       0          0.392     
931        0.003      578        902        1014       0          0.391     
932        0.004      588        902        1034       0          0.395     
933        0.003      583        900        1022       0          0.393     
934        0.003      579        897        1011       0          0.392     
935        0.003      580        903        1019       0          0.391     
936        0.003      581        907        1025       0          0.390     
937        0.004      577        897        1007       0          0.391     
938        0.004      584        893        1017       0          0.395     
939        0.006      571        898        996        0          0.389     
940        0.003      578        901        1013       0          0.391     
941        0.004      579        897        1011       0          0.392     
942        0.003      585        902        1028       0          0.393     
943        0.004      577        892        1002       0          0.393     
944        0.003      585        889        1015       0          0.397     
945        0.003      585        886        1012       0          0.398     
946        0.004      583        893        1015       0          0.395     
947        0.002      586        887        1015       0          0.398     
948        0.002      582        885        1005       0          0.397     
949        0.003      583        889        1011       0          0.396     
950        0.003      583        882        1004       0          0.398     
951        0.004      588        883        1015       0          0.400     
952        0.004      586        880        1008       0          0.400     
953        0.003      587        890        1020       0          0.397     
954        0.003      587        893        1023       0          0.397     
955        0.004      593        892        1034       0          0.399     
956        0.002      592        886        1026       0          0.401     
957        0.003      595        887        1033       0          0.401     
958        0.004      588        890        1022       0          0.398     
959        0.003      587        889        1019       0          0.398     
960        0.003      578        893        1005       0          0.393     
961        0.003      585        885        1011       0          0.398     
962        0.003      584        886        1010       0          0.397     
963        0.004      590        887        1023       0          0.399     
964        0.005      586        883        1011       0          0.399     
965        0.004      589        883        1017       0          0.400     
966        0.005      594        884        1028       0          0.402     
967        0.003      585        876        1002       0          0.400     
968        0.005      594        887        1031       0          0.401     
969        0.004      582        883        1003       0          0.397     
970        0.004      594        881        1025       0          0.403     
971        0.003      593        886        1028       0          0.401     
972        0.004      587        884        1014       0          0.399     
973        0.002      592        891        1031       0          0.399     
974        0.003      600        882        1038       0          0.405     
975        0.003      585        886        1012       0          0.398     
976        0.004      594        883        1027       0          0.402     
977        0.003      594        882        1026       0          0.402     
978        0.003      582        885        1005       0          0.397     
979        0.004      584        885        1009       0          0.398     
980        0.003      590        879        1015       0          0.402     
981        0.003      591        895        1033       0          0.398     
982        0.004      584        886        1010       0          0.397     
983        0.002      584        892        1016       0          0.396     
984        0.004      585        897        1023       0          0.395     
985        0.003      580        903        1019       0          0.391     
986        0.004      575        897        1003       0          0.391     
987        0.003      583        897        1019       0          0.394     
988        0.003      582        904        1024       0          0.392     
989        0.003      579        896        1010       0          0.393     
990        0.003      584        893        1017       0          0.395     
991        0.002      580        892        1008       0          0.394     
992        0.004      582        893        1013       0          0.395     
993        0.003      578        889        1001       0          0.394     
994        0.003      573        894        996        0          0.391     
995        0.002      579        884        998        0          0.396     
996        0.002      579        886        1000       0          0.395     
997        0.002      583        888        1010       0          0.396     
998        0.003      582        895        1015       0          0.394     
999        0.003      586        897        1025       0          0.395     
1000       0.003      584        893        1017       0          0.395     

Correct    623
Incorrect  813
Baseline   0.003     
Accuracy   0.434     

Model: /home/jupyter-nlp/Skripsi Daniel/NER Dataset/NER Model/Pre-trained Model/1000-03-97-NM
Training data: /home/jupyter-nlp/Skripsi Daniel/NER Dataset/NER Model/Pre-trained Model/1000-03-97-NM/training.jsonl
Evaluation data: /home/jupyter-nlp/Skripsi Daniel/NER Dataset/NER Model/Pre-trained Model/1000-03-97-NM/evaluation.jsonl


real    355m37.493s
user    903m22.569s
sys     895m34.603s



DATASET

  Dataset            ner_id_train_1
  Created            2019-04-28 18:17:30
  Description        A gold-standard dataset for making pre-trained NER model to make annotating remaining id_gsd-ud-train.jsonl faster using ner.teach. It consists 2000 examples
  Author             Daniel_Chrisna_Danuega
  Annotations        2021  
  Accept             2000  
  Reject             3
  Ignore             18
